#NAME	139A	140A	141A	142A	143A	144A	145A	146A	147A	148A	149A	150A	151A	152A	153A	154A	155A	156A	157A	158A	159A	160A	161A	162A	163A	164A	165A	166A	167A	168A	169A	249A	250A	251A	252A	253A	254A	255A	256A	257A	258A	259A	260A	261A	262A	263A
Lactobacillus	3394832.335	3379967.647	4229878.022	5381454.116	2858391.991	3497136.362	4160363.748	3724041.446	4309447.821	6454334.805	5645520.92	7550386.919	5284833.647	5085034.757	5567699.908	2330258.383	4069864.032	4006470.511	3035893.849	3418440.957	3188038.298	5437852.49	4762383.596	4984916.714	4691557.732	4344423.556	2519564.552	4308136.23	4938136.668	5727276.702	5175097.276	3122458.794	3278100.818	3202028.593	3268045.294	2866261.531	2882875.005	3093603.812	3749836.051	3150439.383	1446683.863	3408822.629	3602063.568	2550168.321	3327504.044	2669085.822
Escherichia_Shigella	733616.0539	2017225.55	2053950.072	3099287.369	1996677.305	2133519.871	2371354.873	2754776.374	688147.5976	2260744.109	918987.4525	690333.5811	2337690.727	865212.259	1477724.828	3628732.567	3631792.944	2747781.227	1735670.878	2242819.044	2593887.99	1146766.93	583657.5875	534254.361	1618502.164	127661.4349	1311.590084	0	6557.950422	5246.360338	3060.376864	474358.4139	234774.6251	127224.2382	59895.94719	14864.68762	903685.5681	150832.8597	3080925.108	0	0	0	0	0	0	6120.753727
Muribacter	0	0	4809.163643	108861.977	0	1311.590084	0	5246.360338	0	203296.4631	12241.50745	921173.4359	13990.29423	87876.53565	88313.73235	5683.557032	4809.163643	0	20111.04796	0	6120.753727	3497.573558	3934.770253	22734.22813	31915.35872	49840.42321	4809.163643	81318.58523	42845.27609	143837.7126	85690.55218	0	0	0	0	0	0	0	327023.1277	7869.540506	574039.2603	0	0	0	0	0
Staphylococcus	6120.753727	18799.45788	28854.98186	17925.06449	3497.573558	8743.933896	11367.11406	12678.70415	10492.72068	5246.360338	12678.70415	12241.50745	9618.327285	10492.72068	7869.540506	77821.01167	84816.15879	59458.75049	15739.08101	18799.45788	31478.16203	0	3934.770253	6557.950422	13553.09754	0	0	0	0	0	0	11367.11406	4371.966948	8743.933896	6557.950422	2185.983474	8306.737201	27980.58847	966641.8922	93560.09269	504524.9858	94434.48608	100555.2398	74760.63481	75635.0282	84816.15879
Streptococcus	29729.37525	7869.540506	77383.81498	133344.9919	10929.91737	15301.88432	40659.29262	52026.40668	27543.39177	400034.9757	170943.9077	243518.559	216412.3639	168757.9242	202422.0697	50277.6199	57272.76702	61207.53727	29292.17855	18799.45788	19236.65457	84816.15879	141651.7291	167883.5308	200236.0862	47217.24304	42845.27609	62081.93066	59458.75049	124163.8613	197175.7094	159576.7936	131596.2051	108424.7803	228653.8714	213789.1838	193678.1358	180999.4316	374240.3707	499715.8221	300354.1293	155642.0233	313907.2269	163074.3672	135968.1721	136842.5655
Enterococcus	0	0	0	0	0	0	0	0	0	398723.3857	135530.9754	506273.7726	323088.3575	160013.9903	322213.9641	0	0	0	0	0	0	59458.75049	43719.66948	74760.63481	120666.2878	282429.0648	26668.99838	479167.5775	249639.3127	213351.9871	416211.2534	16176.27771	7432.343811	9618.327285	4809.163643	0	1748.786779	2185.983474	427578.3675	103178.42	583220.3909	0	5683.557032	0	0	0
Lachnospiraceae_NK4A136_group	39347.70253	23171.42482	13553.09754	13990.29423	21422.63804	13115.90084	7432.343811	46342.84965	17925.06449	127661.4349	822804.1796	11804.31076	660167.0091	1369737.245	731430.0704	36724.52236	32789.75211	20548.24466	40659.29262	9618.327285	11367.11406	42845.27609	46780.04634	291610.1954	250950.9028	21422.63804	81755.78193	58147.16041	11804.31076	60333.14388	79569.79845	4809.163643	13553.09754	49403.22651	9618.327285	111047.9605	76509.42159	8306.737201	0	49403.22651	1311.590084	38473.30914	38910.50584	475232.8072	23608.62152	89188.12574
Muribaculaceae	2270362.436	1729550.125	1494338.303	297730.9492	2095920.955	2211778.079	1788134.482	681589.6472	2972500.328	12241.50745	1617190.574	15301.88432	448563.8089	703012.2852	1120535.129	1057578.805	490971.8883	1372797.622	2992174.179	1942464.915	2041271.368	160888.3837	206356.8399	1095177.72	851221.9648	2674332.182	3533860.884	1876448.214	1581340.445	925108.2062	1343505.443	2190355.441	1617627.771	2747344.03	1954269.226	3063437.24	2183797.49	2981244.262	12241.50745	701700.6951	0	1252568.531	2601757.531	2382721.987	1883880.558	2074935.513
Lachnospiraceae	1576094.085	700389.1051	1133213.833	774712.5432	766843.0027	1166003.585	842478.0309	1159882.831	897127.6177	22734.22813	199361.6928	0	28854.98186	165260.3506	174004.2845	1040528.134	625191.2736	932103.3533	722248.9398	892755.6508	653171.862	997682.8575	745420.3646	766405.806	784330.8705	1008612.775	1113539.982	1526690.858	1305469.331	1745726.402	978009.0063	162199.9738	282429.0648	228216.6747	285926.6384	540812.3115	160451.187	391728.2385	127224.2382	646613.9116	437.1966948	737113.6274	418397.2369	132470.5985	265815.5904	447689.4155
Bacteroides	215975.1672	224719.1011	0	0	26231.80169	224281.9044	362436.06	33664.1455	2623.180169	0	26668.99838	0	222533.1176	792637.6077	20111.04796	0	8306.737201	1748.786779	1748.786779	109736.3704	0	69514.27447	439819.875	874.3933896	0	299916.9326	1172561.535	3934.770253	0	3497.573558	0	1281860.709	704761.072	1730861.715	610763.7826	835045.6871	1358807.327	1489529.139	0	570978.8834	2060508.023	1628120.491	494032.2651	1731298.911	1182179.863	1067197.132
Rodentibacter	0	0	0	0	0	0	0	0	0	0	0	0	0	0	0	0	0	0	0	0	0	0	0	0	0	0	0	0	0	0	0	43719.66948	84378.9621	51589.20999	146023.6961	121977.8778	47217.24304	63393.52074	833296.9003	127661.4349	1774581.384	65142.30752	38036.11245	39784.89923	11367.11406	8306.737201
Parabacteroides	728806.8902	1035281.773	1311.590084	0	1102610.064	108861.977	874.3933896	1028286.626	0	0	0	0	96183.27285	2623.180169	0	0	0	0	0	0	0	2185.983474	932540.55	0	0	1311.590084	28417.78516	483976.7411	1748.786779	0	0	634372.4041	1493901.106	97494.86294	436322.3014	0	137279.7622	0	0	2217461.636	2687885.28	557862.9826	235211.8218	534254.361	814934.6391	703012.2852
Odoribacter	0	0	0	0	0	0	0	0	0	0	0	0	0	0	0	0	0	0	66453.89761	0	193678.1358	0	0	1748.786779	0	1748.786779	177064.6614	0	0	0	874.3933896	198487.2994	206356.8399	182748.2184	1263061.251	490097.4949	643990.7314	427141.1708	0	0	0	318279.1938	320027.9806	270187.5574	429327.1543	706509.8588
Rikenellaceae_RC9_gut_group	0	0	0	0	0	0	0	0	0	0	0	0	0	0	0	1029161.02	32789.75211	288987.0153	306037.6864	443754.6452	345822.5856	1209286.058	1548113.496	1053206.838	847287.1945	69077.07778	0	0	1058890.395	75197.8315	974511.4327	507585.3627	546495.8685	308223.6698	909369.1252	380798.3212	423643.5973	508459.756	0	943033.2707	18362.26118	222970.3143	496655.4453	443754.6452	587155.1611	451186.989
Prevotellaceae_UCG_001	0	0	0	0	0	0	0	0	0	0	0	0	0	0	0	14427.49093	13990.29423	12678.70415	25357.4083	21422.63804	12678.70415	0	8743.933896	6557.950422	437.1966948	6120.753727	7432.343811	16176.27771	4371.966948	5246.360338	11804.31076	41970.8827	83504.56871	87002.14226	44156.86617	80881.38854	82192.97862	76072.22489	0	58147.16041	0	59458.75049	111485.1572	132470.5985	65142.30752	101429.6332
Lachnoclostridium	44594.06287	15739.08101	20548.24466	0	19236.65457	3060.376864	5246.360338	31040.96533	3934.770253	13990.29423	35412.93228	0	26668.99838	43282.47278	42845.27609	10492.72068	3497.573558	3060.376864	13115.90084	874.3933896	0	56835.57032	21859.83474	40659.29262	42845.27609	52900.80007	50277.6199	95308.87946	53775.19346	68639.88108	25794.60499	31478.16203	13553.09754	39347.70253	16176.27771	98369.25633	43282.47278	25794.60499	0	109736.3704	0	157390.8101	66453.89761	46780.04634	82192.97862	106238.7968
Muribaculum	125912.6481	94871.68277	474795.6105	86564.94557	146023.6961	135968.1721	156516.4167	148646.8762	187557.3821	0	0	0	0	0	0	118043.1076	474795.6105	45031.25956	0	10929.91737	4809.163643	1748.786779	10055.52398	413150.8766	81318.58523	147335.2861	33226.9488	530756.7875	288549.8186	649237.0918	83941.7654	0	0	7869.540506	0	0	5246.360338	0	0	0	0	0	35850.12897	0	0	0
Alistipes	163948.7605	198487.2994	90062.51913	3497.573558	357189.6996	84378.9621	42845.27609	38910.50584	402658.1559	0	69514.27447	0	13990.29423	28854.98186	7869.540506	23608.62152	2623.180169	14427.49093	101866.8299	214663.5771	139028.5489	42845.27609	47654.43973	147335.2861	12678.70415	226467.8879	473484.0205	28417.78516	39347.70253	17925.06449	233463.035	344073.7988	574039.2603	533379.9676	79569.79845	309098.0632	136405.3688	107113.1902	0	13115.90084	0	257946.0499	461242.513	435447.908	337078.6517	427578.3675
Anaerotruncus	30603.76864	10929.91737	3497.573558	6995.147117	6995.147117	17487.86779	0	0	4371.966948	0	0	0	0	0	0	25357.4083	30166.57194	12678.70415	27980.58847	11367.11406	21859.83474	0	2185.983474	0	0	3934.770253	7432.343811	0	5683.557032	0	874.3933896	13990.29423	15301.88432	21859.83474	12678.70415	45468.45626	30603.76864	7432.343811	56398.37363	137279.7622	3497.573558	47217.24304	47217.24304	21422.63804	50277.6199	62956.32405
Clostridium_sensu_stricto_1	0	0	4371.966948	5683.557032	0	0	0	0	5683.557032	0	0	0	0	0	0	1311.590084	0	2623.180169	21859.83474	9618.327285	10055.52398	10929.91737	9618.327285	10929.91737	31040.96533	5246.360338	7869.540506	10055.52398	4809.163643	2185.983474	6995.147117	46342.84965	23171.42482	8743.933896	17050.6711	12678.70415	4809.163643	20548.24466	26668.99838	7869.540506	0	0	11367.11406	3497.573558	5246.360338	20111.04796
Romboutsia	3934.770253	2623.180169	31915.35872	0	2185.983474	6120.753727	0	7432.343811	12241.50745	0	0	0	0	0	0	0	0	0	0	0	0	0	0	0	0	0	1748.786779	0	0	0	874.3933896	34975.73558	17925.06449	19236.65457	8306.737201	0	0	9618.327285	13115.90084	1748.786779	0	0	0	7432.343811	0	10929.91737
Peptococcaceae	159139.5969	168757.9242	27543.39177	0	247890.5259	135968.1721	66016.70091	28854.98186	131159.0084	0	0	0	0	0	0	75635.0282	874.3933896	156516.4167	280243.0814	203296.4631	182311.0217	115419.9274	0	0	0	27980.58847	259257.64	0	0	0	0	3497.573558	0	0	9618.327285	3497.573558	9618.327285	0	0	0	0	6995.147117	6995.147117	0	14864.68762	6120.753727
Ruminococcaceae	34975.73558	188431.7755	4371.966948	15301.88432	95308.87946	0	2623.180169	0	21422.63804	0	0	0	3060.376864	46780.04634	1748.786779	120666.2878	10492.72068	6120.753727	239146.5921	114545.534	252699.6896	19236.65457	62956.32405	40222.09592	25794.60499	94434.48608	96620.46955	48091.63643	17050.6711	0	0	336641.455	368119.617	250076.5094	312158.4401	344073.7988	301228.5227	204608.0532	0	0	0	209417.2168	246141.7392	226030.6912	285052.245	231277.0515
Roseburia	14427.49093	8306.737201	0	0	0	13990.29423	2185.983474	0	1311.590084	11804.31076	37161.71906	0	66453.89761	94434.48608	64705.11083	0	0	0	0	0	0	0	437.1966948	874.3933896	874.3933896	36287.32567	64705.11083	25794.60499	87876.53565	54649.58685	27543.39177	59458.75049	64705.11083	19673.85127	141214.5324	72574.65134	73011.84803	52463.60338	0	118043.1076	0	162199.9738	50277.6199	71263.06125	49403.22651	98369.25633
Ruminiclostridium_9	78695.40506	9618.327285	0	0	17050.6711	8306.737201	30166.57194	16176.27771	27980.58847	0	5683.557032	0	0	26231.80169	52463.60338	24045.81821	38473.30914	0	34538.53889	46342.84965	20548.24466	138154.1556	158265.2035	61644.73397	41533.68601	94871.68277	66453.89761	88750.92904	65579.50422	52900.80007	112796.7473	874.3933896	0	7869.540506	6995.147117	52026.40668	5683.557032	22297.03143	0	5683.557032	0	43719.66948	17925.06449	6995.147117	15301.88432	29292.17855
Anaeroplasma	0	12241.50745	5683.557032	2623.180169	29292.17855	6995.147117	1748.786779	6120.753727	22297.03143	0	0	0	0	0	0	437.1966948	0	10929.91737	48528.83312	15301.88432	76072.22489	0	0	0	0	4371.966948	4371.966948	20548.24466	3497.573558	13115.90084	2185.983474	0	0	437.1966948	0	0	0	0	0	2623.180169	0	874.3933896	9181.130591	10055.52398	0	20111.04796
Marvinbryantia	3497.573558	10055.52398	8306.737201	8743.933896	10055.52398	14427.49093	13553.09754	32352.55541	18362.26118	0	102304.0266	1748.786779	115419.9274	4809.163643	0	3934.770253	0	13553.09754	5246.360338	2185.983474	27106.19508	2623.180169	5246.360338	11367.11406	27106.19508	4371.966948	17487.86779	44156.86617	21859.83474	12241.50745	3060.376864	53337.99676	13115.90084	25794.60499	23171.42482	0	0	0	0	32789.75211	0	18799.45788	7869.540506	35850.12897	27543.39177	30166.57194
Angelakisella	81755.78193	13115.90084	55086.78354	0	12678.70415	66016.70091	11804.31076	0	24045.81821	0	54212.39015	0	0	152144.4498	3934.770253	17050.6711	55961.17693	43719.66948	6120.753727	102741.2233	0	80444.19184	62081.93066	116294.3208	111485.1572	8743.933896	14864.68762	0	45468.45626	10055.52398	0	16613.4744	0	55523.98024	18799.45788	100992.4365	0	14427.49093	0	284177.8516	7432.343811	102741.2233	41096.48931	25794.60499	32352.55541	132033.4018
Enterorhabdus	34101.34219	23608.62152	26231.80169	16176.27771	21422.63804	26231.80169	27980.58847	24483.01491	63393.52074	0	31478.16203	0	8743.933896	0	8306.737201	0	27106.19508	10055.52398	9618.327285	14864.68762	18362.26118	25357.4083	27980.58847	24045.81821	12241.50745	87439.33896	13553.09754	11804.31076	50277.6199	22297.03143	47654.43973	35412.93228	0	27543.39177	11804.31076	0	0	0	0	0	0	0	0	0	0	0
Ruminiclostridium	61644.73397	31915.35872	63393.52074	0	14427.49093	25357.4083	10492.72068	6557.950422	25794.60499	0	25794.60499	0	0	104490.0101	0	10055.52398	87876.53565	34101.34219	86564.94557	48528.83312	18362.26118	0	12678.70415	35412.93228	28417.78516	2185.983474	4371.966948	44594.06287	0	874.3933896	0	1748.786779	0	5246.360338	17050.6711	58147.16041	18362.26118	24483.01491	0	8306.737201	0	13115.90084	13553.09754	11804.31076	7432.343811	13115.90084
Parasutterella	0	0	0	0	0	0	0	0	0	0	874.3933896	2185.983474	5683.557032	0	0	0	0	0	4809.163643	0	0	167446.3341	2623.180169	5683.557032	93997.28938	222970.3143	0	0	0	0	0	80881.38854	135530.9754	0	17050.6711	7869.540506	22297.03143	0	0	2185.983474	0	35850.12897	0	40659.29262	0	6995.147117
Intestinimonas	48966.02982	15301.88432	34538.53889	0	38910.50584	34975.73558	32352.55541	24483.01491	38036.11245	19236.65457	19236.65457	0	108424.7803	39784.89923	90062.51913	51152.01329	0	29729.37525	0	19673.85127	46780.04634	13990.29423	0	2185.983474	12678.70415	14864.68762	31478.16203	10055.52398	15301.88432	3934.770253	0	0	22734.22813	0	0	22734.22813	117168.7142	5246.360338	0	5246.360338	0	125912.6481	92685.6993	52026.40668	83941.7654	107987.5836
Oscillibacter	44594.06287	25794.60499	29729.37525	0	52900.80007	18799.45788	6120.753727	20111.04796	24045.81821	0	17925.06449	0	874.3933896	21422.63804	2185.983474	18799.45788	38036.11245	27543.39177	99243.64972	19673.85127	45468.45626	6995.147117	73011.84803	70825.86456	36724.52236	6557.950422	62081.93066	55523.98024	11367.11406	8743.933896	77821.01167	9181.130591	13990.29423	18362.26118	44594.06287	54212.39015	46342.84965	24920.2116	0	63830.71744	0	149521.2696	57709.96371	15739.08101	55086.78354	74323.43811
Acetatifactor	1311.590084	2185.983474	0	0	4371.966948	3934.770253	0	0	5246.360338	0	5683.557032	0	0	8306.737201	0	3060.376864	874.3933896	6995.147117	4371.966948	19673.85127	11804.31076	0	4809.163643	2623.180169	0	0	7869.540506	17487.86779	0	0	0	0	0	0	0	874.3933896	0	0	0	0	0	3934.770253	0	6557.950422	0	5683.557032
Erysipelotrichaceae	13990.29423	0	73449.04473	0	5683.557032	7869.540506	2185.983474	90499.71582	43282.47278	0	0	0	0	4371.966948	0	194552.5292	156516.4167	73011.84803	2623.180169	2185.983474	12241.50745	0	0	0	2185.983474	0	437.1966948	0	0	7869.540506	874.3933896	1311.590084	0	3934.770253	0	8306.737201	2623.180169	55523.98024	0	0	0	0	0	0	0	3060.376864
Lachnospiraceae_UCG_006	8306.737201	0	0	18362.26118	10055.52398	0	0	3497.573558	0	54212.39015	3497.573558	0	0	437.1966948	2185.983474	0	437.1966948	0	0	0	0	16613.4744	8743.933896	1311.590084	0	3497.573558	20548.24466	2185.983474	0	5683.557032	87876.53565	0	5246.360338	0	0	0	0	12241.50745	0	0	0	4371.966948	2623.180169	14864.68762	1748.786779	8306.737201
ASF356	437.1966948	0	0	0	6557.950422	0	0	0	874.3933896	0	7432.343811	0	0	7432.343811	5246.360338	0	0	0	0	0	0	6120.753727	0	5683.557032	10929.91737	0	0	5683.557032	0	0	0	0	5683.557032	1311.590084	0	17487.86779	874.3933896	0	0	6557.950422	0	0	2185.983474	0	9618.327285	2185.983474
Tyzzerella	36724.52236	17925.06449	0	0	9181.130591	10055.52398	0	14427.49093	0	0	0	0	0	0	0	17925.06449	14864.68762	6120.753727	9618.327285	11804.31076	6557.950422	0	20985.44135	0	0	7432.343811	40222.09592	27543.39177	18362.26118	28854.98186	10055.52398	1748.786779	0	0	17925.06449	0	3060.376864	0	0	0	0	10492.72068	3497.573558	8306.737201	0	3934.770253
Faecalibaculum	0	0	8743.933896	7432.343811	0	0	1748.786779	1311.590084	0	15739.08101	5683.557032	45031.25956	8743.933896	6557.950422	3934.770253	0	0	0	0	0	0	437.1966948	1748.786779	0	3497.573558	0	0	0	2623.180169	3497.573558	11367.11406	5683.557032	0	0	0	3060.376864	0	0	4809.163643	7869.540506	37161.71906	0	0	0	0	0
Family_XIII	0	6995.147117	0	0	0	0	0	0	8306.737201	0	0	0	0	0	0	0	0	0	4371.966948	2185.983474	0	0	0	0	0	2185.983474	0	0	0	0	0	59458.75049	8743.933896	2623.180169	1748.786779	4371.966948	38036.11245	0	0	0	0	21422.63804	2185.983474	14427.49093	118043.1076	6120.753727
Ruminiclostridium_5	7432.343811	437.1966948	437.1966948	0	2623.180169	0	1311.590084	0	2185.983474	0	2185.983474	0	0	0	2185.983474	12678.70415	3497.573558	0	8743.933896	10929.91737	1748.786779	0	0	3060.376864	3497.573558	0	3497.573558	3060.376864	2185.983474	2623.180169	0	5246.360338	8306.737201	2623.180169	3497.573558	29729.37525	0	8743.933896	0	19236.65457	0	15739.08101	34975.73558	5246.360338	11367.11406	8306.737201
GCA_900066575	6120.753727	5683.557032	0	1311.590084	7432.343811	0	0	6557.950422	0	0	13990.29423	0	0	0	0	0	1311.590084	0	0	0	7432.343811	80006.99515	0	0	10492.72068	5683.557032	6120.753727	34101.34219	6120.753727	5246.360338	0	3934.770253	12678.70415	3934.770253	9618.327285	8743.933896	30603.76864	3060.376864	0	1311.590084	0	68202.68439	5246.360338	9618.327285	0	29729.37525
Peptococcus	0	0	0	0	0	0	0	0	0	0	0	0	0	0	0	0	0	0	0	0	0	0	0	0	0	6120.753727	2185.983474	0	0	437.1966948	1311.590084	4809.163643	7869.540506	5683.557032	3497.573558	24483.01491	6557.950422	0	0	2623.180169	0	5246.360338	6995.147117	0	10929.91737	8743.933896
