#NAME	1	2	3	7	8	11	13	14	15	22	23	24	25	30	40	41	42	43	46	47	48	49
Lactobacillus	8900944.626	8575439.722	8748320.331	8940053.348	8764565.492	6213674.014	5237359.86	5450351.979	5784480.857	5553438.559	6614588.556	6676961.954	6827781.232	6886945.709	5275064.68	7159904.535	6710455.065	5290708.169	5419265.558	5249794.429	8040753.294	7526122.621
Escherichia_Shigella	13637.9134	14440.1436	9626.762399	156234.3314	11832.89545	3427729.087	4378973.546	4289123.764	3975451.756	4078337.779	3074547.241	2937967.55	2948597.1	2859549.548	4323419.105	1943603.217	2960028.88	4365937.306	4150739.055	4366538.978	570987.3448	1739034.516
Muribacter	164858.3061	133571.3283	175086.7411	135376.3462	279176.1096	41515.41285	154028.1984	49938.82995	62774.51315	133370.7707	45125.44875	22061.3305	22261.88805	74206.2935	38908.1647	91053.12769	48936.0422	33693.6684	75209.08125	77415.2143	329917.1697	165861.0938
Staphylococcus	177493.4317	434608.2108	345761.2162	2206.13305	2206.13305	16646.27665	46729.90915	10228.43505	12033.453	5013.93875	1203.3453	3409.47835	2807.8057	0	3208.9208	2607.24815	3610.0359	3409.47835	0	0	0	0
Streptococcus	565371.7334	588836.9668	529873.0471	578006.8591	754698.0606	97470.96929	74406.85105	56557.2291	71398.4878	107699.4043	189526.8847	243476.8657	110908.3251	147209.2417	231042.2976	280780.57	176891.7591	208178.7369	224624.456	225226.1286	894486.673	411343.535
Enterococcus	9827.319949	2206.13305	1002.78775	3610.0359	3208.9208	1403.90285	1203.3453	1002.78775	1805.01795	0	0	1403.90285	802.2302	0	1604.4604	5013.93875	6217.28405	13637.9134	1203.3453	1805.01795	1805.01795	2607.24815
Lachnospiraceae_NK4A136_group	5214.4963	11231.2228	13036.24075	12033.453	12234.01055	8423.4171	7420.62935	13838.47095	4011.151	5615.6114	3208.9208	7420.62935	4412.2661	1403.90285	7621.1869	28078.057	5214.4963	6217.28405	10228.43505	601.67265	13838.47095	9225.647299
Muribaculaceae	30284.19005	59766.1499	33894.22595	45526.56385	37905.37695	57158.90175	36702.03165	22261.88805	23866.34845	21860.77295	13838.47095	29682.5174	20456.8701	4211.70855	31688.0929	129359.6197	18651.85215	25270.2513	24668.57865	22863.5607	41314.8553	45125.44875
Lachnospiraceae	1002.78775	5214.4963	2807.8057	5214.4963	1805.01795	2807.8057	1203.3453	601.67265	2607.24815	2206.13305	1403.90285	1403.90285	0	0	2406.6906	12033.453	2005.5755	2807.8057	3810.59345	2807.8057	3208.9208	1805.01795
Bacteroides	7821.74445	7220.0718	9426.204849	6417.8416	5615.6114	7821.74445	3610.0359	7019.51425	2206.13305	6818.9567	5013.93875	8022.302	3008.36325	0	5013.93875	13838.47095	2807.8057	1805.01795	12033.453	4011.151	6818.9567	5013.93875
Phyllobacterium	11030.66525	10228.43505	13838.47095	14841.2587	10027.8775	11231.2228	4211.70855	10027.8775	4813.3812	6016.7265	5013.93875	5615.6114	5013.93875	3208.9208	4011.151	25671.3664	6417.8416	4412.2661	9025.08975	5214.4963	10027.8775	10428.9926
Rikenellaceae_RC9_gut_group	6217.28405	7821.74445	7220.0718	4612.82365	4612.82365	7420.62935	3610.0359	4813.3812	2406.6906	5013.93875	4412.2661	3008.36325	2406.6906	0	4011.151	11632.3379	2607.24815	2206.13305	4612.82365	1805.01795	8022.302	4211.70855
Prevotellaceae_UCG_001	6217.28405	10228.43505	6217.28405	6016.7265	8623.97465	6417.8416	3409.47835	4412.2661	3409.47835	3008.36325	5214.4963	3409.47835	5013.93875	2607.24815	5615.6114	17047.39175	1002.78775	2406.6906	5214.4963	2607.24815	7220.0718	4612.82365
Lachnoclostridium	0	2807.8057	1403.90285	0	0	0	0	0	0	1002.78775	0	0	0	0	0	601.67265	200.55755	0	601.67265	802.2302	1002.78775	2005.5755
Alistipes	1604.4604	11431.78035	3409.47835	7420.62935	9827.319949	6618.39915	2807.8057	8824.5322	1604.4604	4412.2661	5013.93875	3208.9208	1002.78775	1805.01795	3409.47835	15643.4889	2406.6906	2005.5755	6016.7265	5013.93875	5816.16895	2206.13305
Anaerotruncus	0	1805.01795	1002.78775	2206.13305	802.2302	601.67265	601.67265	1604.4604	0	200.55755	601.67265	200.55755	401.1151	0	200.55755	3409.47835	0	0	0	1002.78775	1002.78775	2406.6906
Alloprevotella	6818.9567	9827.319949	9225.647299	7420.62935	11431.78035	9025.08975	5214.4963	7220.0718	8623.97465	5013.93875	5415.05385	3008.36325	4011.151	6217.28405	5013.93875	30083.6325	6818.9567	3008.36325	11231.2228	4813.3812	7220.0718	7821.74445
Romboutsia	401.1151	0	1604.4604	802.2302	0	1403.90285	1403.90285	1203.3453	0	0	0	0	200.55755	0	1805.01795	3208.9208	2807.8057	0	0	0	0	0
Peptococcaceae	401.1151	0	1203.3453	0	0	0	601.67265	0	0	0	0	0	0	0	0	2406.6906	0	0	0	0	2206.13305	401.1151
Ruminiclostridium_9	0	5615.6114	1604.4604	2807.8057	3610.0359	4813.3812	1805.01795	3610.0359	2005.5755	3810.59345	1203.3453	2005.5755	1203.3453	1203.3453	1805.01795	10228.43505	1805.01795	2406.6906	1203.3453	0	2005.5755	802.2302
Aeromonas	12234.01055	19855.19745	13236.7983	18250.73705	15041.81625	12033.453	3810.59345	7621.1869	7420.62935	10027.8775	2005.5755	8222.85955	6016.7265	0	5615.6114	35097.57125	4211.70855	4211.70855	6818.9567	4813.3812	13838.47095	8824.5322
Prosthecobacter	6417.8416	15242.3738	7621.1869	4612.82365	8022.302	7621.1869	5415.05385	5615.6114	2406.6906	6818.9567	3409.47835	2807.8057	3008.36325	2807.8057	8222.85955	17047.39175	4612.82365	2206.13305	4813.3812	2206.13305	3008.36325	4412.2661
Acetobacter	2406.6906	6217.28405	3208.9208	2807.8057	4211.70855	5415.05385	2607.24815	0	2406.6906	5415.05385	1403.90285	1805.01795	1805.01795	0	2206.13305	12835.6832	3208.9208	2005.5755	2206.13305	2206.13305	4813.3812	4211.70855
Wolbachia	4412.2661	7621.1869	7420.62935	2406.6906	5013.93875	4412.2661	6016.7265	5214.4963	4011.151	5214.4963	802.2302	3208.9208	2406.6906	4211.70855	3208.9208	9626.762399	3208.9208	3409.47835	4211.70855	2206.13305	3610.0359	2807.8057
Clostridiales_vadinBB60_group	601.67265	601.67265	802.2302	1203.3453	0	2005.5755	0	0	1403.90285	0	0	401.1151	0	0	1002.78775	4211.70855	0	1604.4604	0	601.67265	0	1002.78775
Ruminiclostridium	0	0	0	0	601.67265	0	401.1151	0	0	0	200.55755	802.2302	0	0	0	5013.93875	0	1002.78775	0	802.2302	0	0
Terrimicrobium	3610.0359	4813.3812	4412.2661	3610.0359	6417.8416	4612.82365	2807.8057	7220.0718	3008.36325	6016.7265	2406.6906	4813.3812	3409.47835	2807.8057	7821.74445	13637.9134	1805.01795	2807.8057	4813.3812	3008.36325	5816.16895	5013.93875
Proteus	33894.22595	2406.6906	5214.4963	2406.6906	2607.24815	2807.8057	1203.3453	2005.5755	0	0	601.67265	2406.6906	1203.3453	1604.4604	1203.3453	8222.85955	3810.59345	200.55755	1002.78775	401.1151	3409.47835	3810.59345
Oscillibacter	601.67265	1203.3453	1403.90285	2206.13305	0	2807.8057	0	1403.90285	0	2005.5755	0	0	601.67265	0	601.67265	4011.151	0	1403.90285	2005.5755	3008.36325	1604.4604	1805.01795
Akkermansia	3208.9208	5615.6114	5013.93875	2005.5755	4011.151	4412.2661	2005.5755	2607.24815	601.67265	3208.9208	1203.3453	2406.6906	3008.36325	0	5013.93875	13236.7983	1604.4604	2406.6906	1805.01795	1403.90285	1604.4604	2406.6906
Sphingomonas	1604.4604	5013.93875	3610.0359	2807.8057	5013.93875	5415.05385	1203.3453	3008.36325	2807.8057	2607.24815	1805.01795	1203.3453	2005.5755	0	4211.70855	11231.2228	1203.3453	1203.3453	1002.78775	0	0	3610.0359
Chitinophagaceae	3810.59345	5816.16895	7019.51425	6016.7265	3610.0359	3810.59345	1805.01795	4813.3812	2406.6906	3810.59345	1203.3453	5013.93875	802.2302	0	6417.8416	20256.31255	5615.6114	2807.8057	2406.6906	2005.5755	2807.8057	601.67265
Dyadobacter	1604.4604	3810.59345	1805.01795	3409.47835	3008.36325	3208.9208	601.67265	1403.90285	1002.78775	4211.70855	0	2005.5755	2807.8057	0	1203.3453	6016.7265	401.1151	401.1151	1604.4604	0	0	2005.5755
Pseudacidovorax	3610.0359	1604.4604	4612.82365	2406.6906	0	2807.8057	0	0	1805.01795	2807.8057	2406.6906	1203.3453	2005.5755	0	0	8022.302	2206.13305	0	802.2302	1203.3453	3810.59345	4211.70855
Neisseriaceae	0	802.2302	2607.24815	1403.90285	2206.13305	1002.78775	601.67265	1203.3453	1203.3453	802.2302	0	1403.90285	0	0	0	1604.4604	802.2302	0	200.55755	0	0	1002.78775
Bilophila	802.2302	601.67265	1203.3453	802.2302	0	401.1151	0	401.1151	0	200.55755	200.55755	1002.78775	0	0	601.67265	3409.47835	802.2302	0	1203.3453	601.67265	0	601.67265
Sericytochromatia	601.67265	3409.47835	0	401.1151	0	1403.90285	0	0	1203.3453	2005.5755	1403.90285	2807.8057	1604.4604	0	0	3610.0359	1403.90285	1805.01795	0	200.55755	1403.90285	2005.5755
Chryseobacterium	3810.59345	1604.4604	2206.13305	1203.3453	802.2302	2406.6906	1203.3453	601.67265	601.67265	0	1604.4604	2206.13305	2807.8057	0	1002.78775	6818.9567	2005.5755	601.67265	200.55755	1002.78775	1805.01795	3208.9208
Persicitalea	1203.3453	4211.70855	2406.6906	2607.24815	2807.8057	2206.13305	1203.3453	5415.05385	0	0	200.55755	1403.90285	0	0	0	5415.05385	802.2302	0	1002.78775	200.55755	1604.4604	200.55755
Zoogloea	401.1151	3208.9208	0	0	2206.13305	1203.3453	2807.8057	3810.59345	0	1002.78775	0	601.67265	0	0	0	5816.16895	0	1002.78775	0	0	0	0
Citrobacter	0	2607.24815	802.2302	1403.90285	2206.13305	1002.78775	0	0	1403.90285	0	601.67265	0	0	0	0	2005.5755	0	0	0	0	2206.13305	0
Leucobacter	0	2005.5755	1403.90285	2005.5755	3208.9208	2005.5755	0	0	0	0	802.2302	0	802.2302	0	0	2005.5755	0	601.67265	0	401.1151	0	2005.5755
Verrucomicrobiaceae	401.1151	601.67265	1203.3453	1604.4604	0	601.67265	0	401.1151	0	0	200.55755	802.2302	0	0	0	2607.24815	0	0	0	200.55755	0	1403.90285
Luteolibacter	601.67265	0	0	0	0	601.67265	200.55755	200.55755	0	401.1151	0	0	601.67265	0	1805.01795	1403.90285	0	601.67265	200.55755	200.55755	0	601.67265
Chitinophagales	0	401.1151	2807.8057	802.2302	1805.01795	200.55755	0	200.55755	0	0	802.2302	0	601.67265	0	1002.78775	1604.4604	0	601.67265	601.67265	0	0	601.67265
Taonella	1002.78775	0	2406.6906	200.55755	0	0	0	1002.78775	601.67265	0	0	0	0	0	200.55755	1805.01795	601.67265	0	0	0	200.55755	0
Bdellovibrio	0	1002.78775	401.1151	0	802.2302	0	0	1805.01795	1203.3453	200.55755	0	0	1002.78775	0	0	3208.9208	200.55755	1002.78775	0	1002.78775	0	401.1151
37_13	0	601.67265	200.55755	401.1151	0	1604.4604	0	401.1151	0	0	200.55755	0	0	0	802.2302	1403.90285	601.67265	0	0	0	200.55755	0
Tabrizicola	1203.3453	1403.90285	1203.3453	0	1403.90285	0	0	0	0	0	1002.78775	1203.3453	0	0	0	0	0	0	0	0	0	0
Runella	0	1002.78775	200.55755	0	0	401.1151	0	401.1151	0	401.1151	200.55755	0	0	0	0	0	1002.78775	0	1203.3453	0	601.67265	0
Cloacibacterium	0	0	0	401.1151	1002.78775	601.67265	0	0	0	0	0	0	0	0	802.2302	1805.01795	601.67265	0	401.1151	0	0	2206.13305
Clostridium_sensu_stricto_9	0	1403.90285	0	0	0	802.2302	0	0	1002.78775	0	0	0	401.1151	0	0	802.2302	0	0	0	0	0	0
Sphingomonadaceae	2807.8057	3008.36325	0	1805.01795	1805.01795	0	802.2302	601.67265	0	0	0	0	2807.8057	0	1203.3453	0	401.1151	0	1805.01795	0	0	0
