	139A	140A	141A	142A	143A	144A	145A	146A	147A	148A	149A	150A	151A	152A	153A	154A	155A	156A	157A	158A	159A	160A	161A	162A	163A	164A	165A	166A	167A	168A	169A	249A	250A	251A	252A	253A	254A	255A	256A	257A	258A	259A	260A	261A	262A	263A
Lactobacillus	3395053.622	3381483.913	4225432.261	5376668.855	2859706.719	3494856.643	4164587.437	3728168.089	4314291.968	6451302.254	5642810.243	7553512.804	5280805.428	5081637.12	5570584.373	2330488.072	4076603.195	3993434.012	3033048.807	3419566.645	3197636.244	5421755.308	4771722.478	4982271.832	4677172.248	4361129.35	2507769.753	4304661.852	4938498.577	5730794.485	5161742.176	3140731.013	3270737.579	3204639.965	3284745.021	2883344.277	2895600.788	3090391.771	3760560.298	3139855.548	1432698.621	3411687.459	3595535.128	2547165.682	3377982.053	2681111.841
Escherichia_Shigella	734077.4787	2018822.499	2054278.836	3097395.491	1990369.884	2139198.949	2367257.606	2751586.78	689428.759	2260888.597	919238.3454	682425.0383	2330488.072	870212.3003	1478222.806	3617859.488	3633617.859	2747647.188	1737798.205	2239877.435	2596629.459	1156489.385	584810.6807	530094.1125	1615233.093	126066.9731	2188.662727	0	5252.790545	8754.650908	3064.127818	473188.8816	234186.9118	127380.1707	61720.2889	11818.77873	906106.369	151455.4607	3061939.155	0	0	0	0	0	0	7441.453272
Muribacter	0	0	3939.592909	105493.5434	0	1313.197636	0	5252.790545	0	202232.436	12256.51127	920989.2756	14445.174	84044.64872	90610.6369	4815.058	5690.52309	0	19697.96454	0	6565.988181	3064.127818	3939.592909	23199.82491	32829.94091	48150.58	8316.918363	81855.98599	42022.32436	145327.2051	86671.04399	0	0	0	0	0	0	0	328299.4091	8316.918363	577806.9599	0	0	0	0	0
Staphylococcus	6128.255636	16633.83673	27139.41782	17509.30182	3501.860363	8754.650908	10943.31364	12256.51127	11381.04618	6128.255636	10943.31364	11381.04618	9630.115999	10505.58109	3939.592909	77478.66054	84044.64872	59531.62618	17071.56927	17947.03436	29765.81309	0	3939.592909	6565.988181	14007.44145	0	0	0	0	0	0	11818.77873	3939.592909	7879.185817	7003.720727	875.4650908	7879.185817	27577.15036	976143.5763	94987.96236	513898.0083	91048.36945	98052.09017	75727.73036	74414.53272	78791.85817
Streptococcus	29765.81309	10943.31364	79667.32327	132195.2287	12256.51127	15320.63909	40709.12672	52527.90545	28452.61545	402713.9418	170277.9602	245130.2254	216677.61	164587.4371	199606.0407	51652.44036	58656.16109	61720.2889	27139.41782	19697.96454	19697.96454	85357.84636	141825.3447	169840.2276	199606.0407	43773.25454	42460.05691	63908.95163	59969.35872	119938.7174	192602.32	174217.5531	130444.2985	108557.6713	233311.4467	209673.8893	204858.8313	182534.4714	369884.0009	499452.8343	296782.6658	158021.4489	318231.5605	162836.5069	132195.2287	131757.4962
Enterococcus	0	0	0	0	0	0	0	0	0	396147.9536	134821.624	506894.2876	326548.4789	161523.3093	323484.3511	0	0	0	0	0	0	59969.35872	44210.98709	74852.26527	123002.8453	286714.8172	28890.348	485007.6603	249069.8183	213613.4822	418910.046	14882.90654	7003.720727	8754.650908	3939.592909	0	1750.930182	2188.662727	424600.5691	103304.8807	584372.9481	0	3939.592909	0	0	0
Pseudomonas	0	0	2626.395272	7441.453272	0	0	2188.662727	3501.860363	0	2188.662727	2188.662727	1313.197636	0	4815.058	7441.453272	1313.197636	875.4650908	1750.930182	4377.325454	437.7325454	0	3501.860363	0	0	0	2626.395272	1313.197636	5690.52309	5252.790545	3939.592909	10067.84854	0	0	0	0	0	0	0	0	0	0	0	0	0	0	0
Lachnospiraceae_NK4A136_group	39395.92909	23637.55745	13131.97636	14445.174	19697.96454	13131.97636	8754.650908	42897.78945	23199.82491	129131.1009	824688.1156	12694.24382	663164.8063	1374917.925	735390.6763	37207.26636	32829.94091	22324.35982	42022.32436	7879.185817	11381.04618	43773.25454	45524.18472	292405.3403	253447.1438	20573.42963	82731.45108	52527.90545	9192.383454	65659.88181	82731.45108	4815.058	9630.115999	45086.45218	8754.650908	110746.334	70037.20727	9192.383454	0	46837.38236	3501.860363	42897.78945	40271.39418	472313.4165	24513.02254	92361.56708
Muribaculaceae	2268767.783	1730794.485	1493543.445	296344.9332	2100240.753	2210111.622	1786386.518	679798.643	2973954.914	10943.31364	1617859.488	14007.44145	452177.7194	701247.5378	1104836.945	1060625.958	494637.7763	1377982.053	2992777.413	1941343.839	2037644.999	159772.3791	205296.5638	1104836.945	854891.6612	2668417.597	3533377.107	1884438.608	1564893.85	924053.4034	1336397.461	2207485.227	1618297.22	2754650.908	1945721.164	3053622.237	2186036.332	2994090.611	11818.77873	707375.7934	0	1260231.998	2604070.913	2372510.396	1905012.038	2071788.137
Lachnospiraceae	1577588.094	700809.8052	1130225.432	776975.2681	768220.6172	1164368.571	841321.9523	1159991.245	893849.8577	20573.42963	199168.3082	0	29328.08054	165900.6347	179470.3436	1039177.063	621142.4819	930619.3916	722696.4325	896476.253	649595.0974	1001094.331	742394.397	762967.8267	788794.0468	1003282.994	1110527.468	1521996.06	1306193.916	1744364.193	979645.4366	162836.5069	284526.1545	229371.8538	282775.2243	541912.8912	159334.6465	395272.4885	129568.8334	642153.6441	437.7325454	731888.8159	421536.4412	129131.1009	295469.4682	448238.1265
Bacteroides	215364.4123	226307.726	0	0	24513.02254	222805.8656	362880.2801	31079.01072	2626.395272	0	27577.15036	0	223243.5982	790544.977	24950.75509	0	7879.185817	1750.930182	1750.930182	111184.0665	0	65659.88181	438608.0105	1313.197636	0	296344.9332	1185817.466	5252.790545	0	3939.592909	0	1298314.73	704311.6656	1729043.554	615889.6914	833005.0339	1365287.809	1476471.876	0	573867.367	2066535.347	1635806.522	490260.4509	1744801.926	1217771.941	1061939.155
Rodentibacter	0	0	0	0	0	0	0	0	0	0	0	0	0	0	0	0	0	0	0	0	0	0	0	0	0	0	0	0	0	0	0	41584.59181	87984.24163	54278.83563	149266.798	121689.6476	45086.45218	63471.21909	835193.6967	127380.1707	1773254.541	66973.07945	34580.87109	40271.39418	12694.24382	8754.650908
Parabacteroides	729262.4207	1035675.202	1313.197636	0	1102648.282	108557.6713	875.4650908	1029109.214	0	0	0	0	95863.42745	2626.395272	0	0	0	0	0	0	0	2188.662727	928868.4614	0	0	2188.662727	25826.22018	480192.6023	1313.197636	0	0	637338.5861	1497920.77	101553.9505	441234.4058	0	139636.682	0	0	2229371.854	2687677.829	563799.5185	236813.3071	542350.6238	823812.6505	699934.3401
Odoribacter	0	0	0	0	0	0	0	0	0	0	0	0	0	0	0	0	0	0	67410.81199	0	193040.0525	0	0	1750.930182	0	1750.930182	178594.8785	0	0	0	875.4650908	191726.8549	210111.6218	182534.4714	1255854.673	489384.9858	657036.5507	419785.5111	0	0	0	326986.2114	323046.6185	270080.9805	435981.6152	702123.0028
Rikenellaceae_RC9_gut_group	0	0	0	0	0	0	0	0	0	0	0	0	0	0	0	1039614.795	31516.74327	294594.0031	309039.1771	446487.1963	340555.9203	1211205.953	1545633.618	1054497.702	852265.2659	71788.13745	0	0	1062814.62	71788.13745	980520.9017	502954.6947	555482.6001	309039.1771	906106.369	380389.582	424162.8365	509520.6829	0	936309.9146	17947.03436	215364.4123	492886.8461	444736.2661	585686.1458	460932.3703
Prevotellaceae_UCG_001	0	0	0	0	0	0	0	0	0	0	0	0	0	0	0	15320.63909	14882.90654	14007.44145	25826.22018	22762.09236	13569.70891	0	7003.720727	8316.918363	437.7325454	4815.058	10505.58109	11381.04618	4377.325454	5252.790545	9192.383454	41584.59181	86671.04399	86233.31145	41584.59181	80105.05581	84482.38127	73976.80018	0	56467.49836	0	61720.2889	112059.5316	137010.2867	63033.48654	107244.4736
Lachnoclostridium	44210.98709	15758.37163	19260.232	0	18822.49945	3064.127818	4815.058	31079.01072	4377.325454	14445.174	34580.87109	0	27139.41782	37644.99891	38082.73145	8754.650908	3939.592909	1750.930182	12256.51127	1750.930182	0	59531.62618	22324.35982	42460.05691	42897.78945	56029.76581	50339.24272	91923.83454	54278.83563	65222.14927	24075.29	30203.54563	15758.37163	38082.73145	17071.56927	98927.55526	43773.25454	25826.22018	0	105493.5434	0	159772.3791	69599.47472	47275.1149	80105.05581	108119.9387
Muribaculum	125191.508	91486.10199	476253.0094	86671.04399	147515.8678	135259.3565	158021.4489	147953.6004	181659.0063	0	0	0	0	0	0	116436.8571	469687.0212	44210.98709	0	13131.97636	4815.058	1750.930182	10067.84854	410593.1276	80980.5209	143576.2749	32392.20836	527905.4498	292843.0729	643904.5743	80105.05581	0	0	9630.115999	0	0	5252.790545	0	0	0	0	0	33267.67345	0	0	437.7325454
Alistipes	164149.7045	197855.1105	91048.36945	3501.860363	356752.0245	84482.38127	42460.05691	40271.39418	410593.1276	0	71350.4049	0	14007.44145	27139.41782	7003.720727	25388.48763	4815.058	14445.174	101553.9505	215802.1449	140074.4145	41584.59181	47275.1149	144889.4725	12256.51127	223681.3307	476690.742	31079.01072	38958.19654	17947.03436	234624.6443	334865.3972	577806.9599	523965.8569	73101.33508	314291.9676	135697.0891	108557.6713	0	13569.70891	0	263514.9923	461370.1029	438608.0105	316042.8978	419347.7785
Anaerotruncus	30641.27818	8754.650908	3501.860363	6565.988181	7441.453272	17509.30182	0	0	4377.325454	0	0	0	0	0	0	25826.22018	29765.81309	12694.24382	27577.15036	10067.84854	21886.62727	0	2188.662727	0	0	4815.058	4377.325454	0	3501.860363	0	875.4650908	14445.174	14007.44145	21011.16218	14882.90654	45524.18472	30641.27818	8316.918363	59093.89363	137010.2867	875.4650908	42022.32436	49901.51018	21011.16218	50776.97527	71788.13745
Clostridium_sensu_stricto_1	0	0	4377.325454	5690.52309	0	0	0	0	5252.790545	0	0	0	0	0	0	1313.197636	0	3064.127818	22324.35982	9630.115999	10505.58109	10943.31364	10067.84854	11381.04618	31954.47582	5252.790545	6128.255636	9192.383454	5690.52309	3501.860363	5690.52309	46837.38236	27577.15036	10067.84854	15320.63909	16196.10418	3939.592909	18822.49945	26701.68527	7879.185817	0	0	12694.24382	3501.860363	5252.790545	7879.185817
Romboutsia	3939.592909	2626.395272	28890.348	0	3939.592909	6128.255636	0	6128.255636	12256.51127	0	0	0	0	0	0	0	0	0	0	0	0	0	0	0	0	0	2188.662727	0	0	0	1313.197636	35456.33618	13569.70891	20573.42963	8754.650908	0	0	10067.84854	11818.77873	1750.930182	0	0	0	7441.453272	0	11381.04618
Peptococcaceae	159334.6465	168964.7625	31954.47582	0	246005.6905	137010.2867	66535.3469	30641.27818	132195.2287	0	0	0	0	0	0	74414.53272	875.4650908	155395.0536	277084.7012	199168.3082	183847.6691	112934.9967	0	0	0	27577.15036	255198.074	0	0	0	0	3501.860363	0	0	9630.115999	6565.988181	8754.650908	0	0	0	0	7003.720727	8754.650908	0	14445.174	6565.988181
Ruminococcaceae	35018.60363	189538.1922	4815.058	15320.63909	94987.96236	0	1313.197636	0	24075.29	0	0	0	3064.127818	49463.77763	1750.930182	118625.5198	8316.918363	7441.453272	240752.9	114685.9269	249945.2834	18384.76691	63033.48654	39833.66163	26701.68527	95863.42745	96301.15999	48588.31254	17071.56927	0	0	356314.292	364631.2103	251258.4811	306850.5143	344933.2458	293718.538	205296.5638	0	0	0	202232.436	245130.2254	224994.5283	277084.7012	235937.842
Roseburia	14445.174	7879.185817	0	0	0	14007.44145	2188.662727	0	1313.197636	12256.51127	38082.73145	0	64784.41672	93674.76472	64346.68418	0	0	0	0	0	0	0	437.7325454	875.4650908	875.4650908	37207.26636	64784.41672	24075.29	87108.77654	54716.56818	24513.02254	57780.69599	63471.21909	20573.42963	140512.1471	72225.86999	75289.99781	52965.638	0	117312.3222	0	159334.6465	47712.84745	74414.53272	51214.70781	98052.09017
Ruminiclostridium_9	78791.85817	10943.31364	0	0	17509.30182	8316.918363	31516.74327	17071.56927	22324.35982	0	5690.52309	0	0	27577.15036	49463.77763	24513.02254	38958.19654	0	33705.406	45961.91727	20573.42963	140074.4145	160210.1116	61282.55636	42460.05691	91486.10199	66535.3469	91923.83454	66973.07945	52090.1729	116436.8571	875.4650908	0	9192.383454	7441.453272	50776.97527	5690.52309	22762.09236	0	6565.988181	0	45086.45218	19697.96454	7441.453272	16196.10418	27139.41782
Anaeroplasma	0	10943.31364	8754.650908	2626.395272	30203.54563	7003.720727	2626.395272	4815.058	21886.62727	0	0	0	0	0	0	437.7325454	0	11381.04618	49026.04509	14445.174	76165.4629	0	0	0	0	5252.790545	6128.255636	21448.89473	3939.592909	11818.77873	2188.662727	0	0	437.7325454	0	0	0	0	0	2626.395272	0	875.4650908	9192.383454	10505.58109	0	21886.62727
Marvinbryantia	3501.860363	9192.383454	10505.58109	11381.04618	9630.115999	14007.44145	15320.63909	35894.06872	15758.37163	0	102429.4156	1313.197636	116436.8571	4377.325454	0	4377.325454	0	13569.70891	5690.52309	1750.930182	25826.22018	2188.662727	5252.790545	11381.04618	26701.68527	3501.860363	15320.63909	42460.05691	22324.35982	11381.04618	3064.127818	61282.55636	14007.44145	22762.09236	24950.75509	0	0	0	0	32829.94091	0	28014.88291	7003.720727	35894.06872	27139.41782	31954.47582
Angelakisella	81855.98599	15320.63909	56905.2309	0	13131.97636	66097.61436	11381.04618	0	25826.22018	0	52090.1729	0	0	151455.4607	3939.592909	17509.30182	53841.10309	42022.32436	6565.988181	98927.55526	0	81418.25345	63471.21909	115999.1245	110308.6014	11381.04618	14445.174	0	48150.58	13569.70891	0	17071.56927	0	56905.2309	20135.69709	98489.82272	0	14007.44145	0	288465.7474	7003.720727	103304.8807	45961.91727	24075.29	31954.47582	132195.2287
Enterorhabdus	34143.13854	21448.89473	26701.68527	12256.51127	23199.82491	26263.95272	26701.68527	24513.02254	64346.68418	0	31954.47582	0	8754.650908	0	7879.185817	0	24075.29	8754.650908	8754.650908	16633.83673	18822.49945	26263.95272	27577.15036	23637.55745	12256.51127	89297.43926	14007.44145	14007.44145	50776.97527	26263.95272	47712.84745	35018.60363	0	28452.61545	10943.31364	0	0	0	0	0	0	0	0	0	0	0
Ruminiclostridium	61720.2889	31954.47582	61282.55636	0	12694.24382	25826.22018	10505.58109	6128.255636	24950.75509	0	23199.82491	0	0	102867.1482	0	8316.918363	86233.31145	34580.87109	85357.84636	47275.1149	18384.76691	0	12694.24382	34143.13854	28890.348	1750.930182	5252.790545	48588.31254	0	1313.197636	0	1750.930182	0	4815.058	15758.37163	62158.02145	18822.49945	23199.82491	0	8316.918363	0	12694.24382	12256.51127	11381.04618	7003.720727	17509.30182
Parasutterella	0	0	0	0	0	0	0	0	0	0	875.4650908	3939.592909	4815.058	0	0	0	0	0	4815.058	0	0	166776.0998	2188.662727	5690.52309	93674.76472	223681.3307	0	0	0	0	0	66973.07945	130006.566	0	17509.30182	8754.650908	19697.96454	0	0	2188.662727	0	26263.95272	0	42022.32436	0	6565.988181
Intestinimonas	48588.31254	16633.83673	34143.13854	0	39395.92909	35456.33618	29765.81309	22762.09236	37207.26636	24075.29	18822.49945	0	108557.6713	45961.91727	89735.17181	49463.77763	0	29328.08054	0	18822.49945	47712.84745	14445.174	0	2188.662727	12694.24382	12694.24382	30203.54563	8754.650908	13131.97636	4815.058	0	0	19697.96454	0	0	19697.96454	109433.1364	5252.790545	0	5252.790545	0	130444.2985	92361.56708	49901.51018	81855.98599	110746.334
Oscillibacter	44648.71963	28452.61545	30203.54563	0	52965.638	19260.232	5252.790545	20573.42963	23637.55745	0	18822.49945	0	875.4650908	20573.42963	2188.662727	20135.69709	39395.92909	26701.68527	99365.28781	19697.96454	45961.91727	5690.52309	72225.86999	71350.4049	35456.33618	5690.52309	59969.35872	54716.56818	14882.90654	5690.52309	81855.98599	9630.115999	17509.30182	14882.90654	46837.38236	52965.638	56467.49836	26701.68527	0	66097.61436	0	147078.1353	56029.76581	17071.56927	58218.42854	69599.47472
Acetatifactor	1313.197636	2188.662727	0	0	3501.860363	3939.592909	0	0	5252.790545	0	7441.453272	0	0	8316.918363	0	3939.592909	875.4650908	7003.720727	3939.592909	20573.42963	11381.04618	0	4815.058	2626.395272	0	0	7879.185817	21011.16218	0	0	0	0	0	0	0	2188.662727	0	0	0	0	0	3501.860363	0	5690.52309	0	6128.255636
Erysipelotrichaceae	14007.44145	0	73976.80018	0	6565.988181	7879.185817	2626.395272	90610.6369	42022.32436	0	0	0	0	6565.988181	0	193040.0525	156708.2513	75727.73036	2626.395272	2188.662727	12694.24382	0	0	0	1750.930182	0	437.7325454	0	0	6565.988181	875.4650908	1750.930182	0	3939.592909	0	10943.31364	2626.395272	56905.2309	0	0	0	0	0	0	0	3064.127818
Lachnospiraceae_UCG_006	8316.918363	0	0	21886.62727	9192.383454	0	0	875.4650908	0	53403.37054	4815.058	0	0	437.7325454	2188.662727	0	1750.930182	0	0	0	0	16196.10418	8754.650908	875.4650908	0	3939.592909	21011.16218	3501.860363	0	5690.52309	87984.24163	0	5252.790545	0	0	0	0	11818.77873	0	0	0	4815.058	3501.860363	17947.03436	1313.197636	9192.383454
ASF356	437.7325454	0	0	0	6565.988181	0	0	0	875.4650908	0	8316.918363	0	0	5252.790545	8754.650908	0	0	0	0	0	0	7441.453272	0	4815.058	11818.77873	0	0	1750.930182	0	0	0	0	6565.988181	1313.197636	0	18384.76691	875.4650908	0	0	7003.720727	0	0	2188.662727	0	10943.31364	2188.662727
Tyzzerella	36769.53381	18822.49945	0	0	8316.918363	10067.84854	0	14007.44145	0	0	0	0	0	0	0	17947.03436	15320.63909	6565.988181	8754.650908	14007.44145	7003.720727	0	21011.16218	0	0	7879.185817	40271.39418	30641.27818	17509.30182	27577.15036	14445.174	1750.930182	0	0	17509.30182	0	2626.395272	0	0	0	0	10067.84854	3501.860363	8316.918363	0	3939.592909
Faecalibaculum	0	0	5690.52309	8316.918363	0	0	1750.930182	3501.860363	0	13569.70891	3501.860363	46399.64981	9192.383454	6128.255636	3939.592909	0	0	0	0	0	0	0	2626.395272	0	3939.592909	0	0	0	3064.127818	2188.662727	10505.58109	5252.790545	0	0	0	3064.127818	0	0	4377.325454	8316.918363	37207.26636	0	0	0	0	0
Ruminiclostridium_5	7441.453272	437.7325454	437.7325454	0	2626.395272	0	1313.197636	0	2626.395272	0	2188.662727	0	0	0	2188.662727	14007.44145	2626.395272	0	9192.383454	11818.77873	1750.930182	0	0	3064.127818	3501.860363	0	5252.790545	2626.395272	1750.930182	2188.662727	0	4815.058	8316.918363	2626.395272	1750.930182	30203.54563	0	10067.84854	0	18822.49945	0	15758.37163	36769.53381	5252.790545	10943.31364	8754.650908
GCA_900066575	6128.255636	5690.52309	0	1313.197636	7879.185817	0	0	7003.720727	0	0	14007.44145	0	0	0	0	0	437.7325454	0	0	0	6565.988181	80542.78836	0	0	9192.383454	4815.058	4377.325454	28890.348	9192.383454	5252.790545	0	3939.592909	13131.97636	3064.127818	9192.383454	5252.790545	32829.94091	3501.860363	0	1750.930182	0	66535.3469	5252.790545	8316.918363	0	28452.61545
Peptococcus	0	0	0	0	0	0	0	0	0	0	0	0	0	0	0	0	0	0	0	0	0	0	0	0	0	7003.720727	2188.662727	0	0	875.4650908	1313.197636	7003.720727	7441.453272	7441.453272	3939.592909	21886.62727	6565.988181	0	0	3064.127818	0	5252.790545	6565.988181	0	10943.31364	8754.650908
