	108B	109B	110B	111B	112B	113B	114B	115B	116B	117B	118B	119B	120B	121B	122B	123B	124B	125B	126B	127B	128B	129B	130B	131B	132B	133B	134B	135B	136B	137B	138B
Lactobacillus	5104590.629	4876100.331	6539517.274	6831613.819	8880832.939	6809465.215	8409843.824	6442025.556	5858968.292	4884808.329	6960719.356	8260861.335	7294462.849	5980123.048	7856507.336	8036535.731	6290392.806	9681400.852	7327969.711	9114245.149	5065783.247	6944628.49	8076668.244	4736772.362	8352863.228	6522101.278	9007098.912	6700993.848	6627354.472	7241268.339	6543303.36
Escherichia_Shigella	0	0	1514.434453	1325.130147	378.6086133	2650.260293	0	4732.607667	2460.955987	0	0	1135.82584	757.2172267	378.6086133	0	0	946.5215334	0	0	567.91292	1325.130147	0	5111.21628	0	1135.82584	1893.043067	2460.955987	0	0	946.5215334	0
Candidatus_Arthromitus	351916.7061	464552.7686	621296.7345	2597444.392	370279.2239	741126.3606	1348603.881	1267392.333	381448.1779	3292948.415	1352389.967	1082252.721	0	0	567.91292	839375.2958	1506672.977	21012.77804	9275.911027	0	0	0	0	0	1135.82584	0	1325.130147	295504.0227	566777.0942	1385518.221	1903265.499
Streptococcus	9654.51964	6814.95504	19687.64789	13629.91008	10601.04117	19876.9522	16848.08329	4353.999053	12304.77993	10411.73687	8140.085187	6625.650734	11358.2584	11547.56271	4164.694747	8329.389494	4921.911973	33696.16659	2460.955987	378.6086133	20823.47373	7193.563654	10601.04117	2839.5646	3596.781827	6057.737814	9086.60672	7572.172267	7572.172267	5111.21628	3407.47752
Pseudomonas	5868.433507	7761.476574	6625.650734	9654.51964	7572.172267	8140.085187	8897.302414	1325.130147	3786.086133	7193.563654	2082.347373	3975.39044	3407.47752	9654.51964	3975.39044	1893.043067	6436.346427	15522.95315	1135.82584	1893.043067	6057.737814	2839.5646	3786.086133	6436.346427	3786.086133	5300.520587	4353.999053	7004.259347	4164.694747	3218.173213	1514.434453
Lachnospiraceae_NK4A136_group	48461.90251	220350.213	135352.5793	7572.172267	20255.56081	45243.72929	757.2172267	20066.25651	45054.42499	21012.77804	23095.12541	3028.868907	7950.78088	55466.16186	11547.56271	25934.69001	8707.998107	10033.12825	9843.823947	5300.520587	179839.0913	126076.6682	16658.77899	18551.82205	3596.781827	16848.08329	1325.130147	33696.16659	43918.59915	24609.55987	9275.911027
Muribaculaceae	3007666.824	3567818.268	2212399.432	418173.2134	491623.2844	1774159.962	177567.4397	1872976.81	2837860.861	1305631.803	1380785.613	594794.1316	1596024.61	3014671.084	1494557.501	973592.0492	1741599.621	117747.2788	1898154.283	532702.319	3233506.862	1915002.366	1635021.297	1838334.122	1209465.215	2613724.562	427638.4288	2013819.214	1701467.108	1085470.894	692664.4581
Lachnospiraceae	76478.9399	171888.3105	68528.15902	12683.38855	28963.55892	39943.20871	378.6086133	85944.15523	209938.4761	148982.4894	71935.63654	2271.65168	12494.08424	75343.11406	16848.08329	17794.60483	25177.47279	7572.172267	11926.17132	37860.86133	457548.5092	324846.1903	20823.47373	16090.86607	5679.1292	100141.9782	3596.781827	113014.6711	57548.50923	8897.302414	1893.043067
Turicibacter	398674.8699	36535.73119	10979.64979	11168.95409	15144.34453	52815.90156	14576.43161	1514.434453	0	757.2172267	8518.6938	5868.433507	771982.9626	403407.4775	464742.0729	18362.51775	165641.2683	90298.15428	496734.5007	18741.12636	4353.999053	0	21202.08235	2130998.58	53573.11879	136109.7965	129484.1458	51301.46711	94462.84903	5489.824894	75343.11406
Phyllobacterium	0	2271.65168	2839.5646	0	1325.130147	1514.434453	3975.39044	1135.82584	1325.130147	2082.347373	757.2172267	1893.043067	0	2271.65168	0	189.3043067	4164.694747	0	0	3028.868907	1893.043067	757.2172267	946.5215334	0	757.2172267	1135.82584	189.3043067	946.5215334	378.6086133	0	189.3043067
Odoribacter	0	0	0	0	0	0	1514.434453	946.5215334	2650.260293	567.91292	189.3043067	0	567.91292	0	567.91292	0	0	0	0	0	757.2172267	1135.82584	1135.82584	0	0	1135.82584	0	757.2172267	757.2172267	0	0
Lachnoclostridium	76857.54851	123615.7123	42782.77331	27638.42877	27638.42877	47136.77236	3028.868907	103928.0644	189115.0024	84997.6337	65877.89872	10790.34548	10790.34548	73260.76668	27070.51585	29720.77615	22527.21249	8329.389494	8707.998107	14387.12731	200851.8694	159015.6176	35778.51396	20255.56081	18930.43067	95220.06626	7004.259347	145953.6204	70799.8107	22148.60388	3028.868907
Muribaculum	140085.1869	134406.0577	105821.1074	9275.911027	13440.60577	45433.0336	0	0	0	0	0	0	0	0	0	0	0	0	0	0	0	0	0	131755.7974	80832.93895	196876.4789	20444.86512	31045.90629	35021.29673	5111.21628	15901.56176
Alistipes	2650.260293	0	0	0	0	1325.130147	0	7950.78088	40321.81732	3596.781827	1703.73876	1135.82584	946.5215334	4353.999053	0	757.2172267	0	0	0	2460.955987	25556.0814	21769.99527	5111.21628	2460.955987	1135.82584	19876.9522	3028.868907	10222.43256	3028.868907	946.5215334	0
Anaerotruncus	189.3043067	0	1135.82584	0	0	0	0	1514.434453	4353.999053	3786.086133	946.5215334	0	0	0	0	0	0	1703.73876	1135.82584	0	3975.39044	0	2650.260293	0	0	1135.82584	0	0	0	0	0
Clostridium_sensu_stricto_1	98816.84808	40700.42593	22905.82111	1135.82584	0	0	4164.694747	0	0	0	0	0	13061.99716	5679.1292	4732.607667	0	567.91292	0	12304.77993	55466.16186	4353.999053	1514.434453	0	223000.4733	3028.868907	45054.42499	56223.37908	171131.0932	411547.5627	85565.54662	448651.2068
Romboutsia	274680.549	20255.56081	3786.086133	0	1703.73876	2650.260293	1325.130147	0	0	0	0	0	180974.9172	97870.32655	50922.8585	0	43729.29484	946.5215334	82158.0691	111121.628	19498.34359	9086.60672	4921.911973	303833.4122	5679.1292	9086.60672	138949.3611	19876.9522	42404.16469	3218.173213	81968.76479
Bifidobacterium	171888.3105	64174.15996	83483.19924	24798.86417	88783.71983	308566.0199	1703.73876	1893.043067	0	0	378.6086133	0	8518.6938	12683.38855	2460.955987	0	5679.1292	0	37292.94841	567.91292	0	1893.043067	30667.29768	440132.513	174159.9621	18741.12636	133459.5362	57359.20492	93327.02319	6247.04212	149929.0109
Lachnospiraceae_UCG_001	18551.82205	64174.15996	17226.69191	9275.911027	8518.6938	32938.94936	1135.82584	29531.47184	44297.20776	70421.20208	15712.25745	4921.911973	5111.21628	35399.90535	11736.86701	6814.95504	9275.911027	2650.260293	15144.34453	25556.0814	162233.7908	51301.46711	17037.3876	0	0	0	0	3975.39044	1893.043067	0	946.5215334
Ruminococcaceae	1893.043067	5111.21628	0	0	0	0	0	378.6086133	3218.173213	378.6086133	378.6086133	0	0	0	0	378.6086133	0	0	0	0	5868.433507	2839.5646	757.2172267	0	0	3786.086133	378.6086133	3786.086133	3975.39044	0	0
Roseburia	8707.998107	8707.998107	3028.868907	567.91292	2271.65168	3786.086133	0	6436.346427	18362.51775	10979.64979	2839.5646	567.91292	1514.434453	11168.95409	1325.130147	0	4164.694747	4543.30336	2082.347373	7761.476574	46190.25083	30477.99337	14576.43161	4164.694747	0	13440.60577	5300.520587	9843.823947	6247.04212	3407.47752	757.2172267
Marvinbryantia	14387.12731	6057.737814	946.5215334	0	1325.130147	3786.086133	0	9275.911027	17415.99621	5868.433507	2460.955987	0	2271.65168	8707.998107	1893.043067	946.5215334	757.2172267	0	4921.911973	6247.04212	34453.38381	18173.21344	3407.47752	3218.173213	0	8897.302414	3218.173213	4353.999053	3407.47752	946.5215334	0
Enterorhabdus	47136.77236	36535.73119	25934.69001	7572.172267	10411.73687	23284.42972	0	39564.60009	90487.45859	49787.03265	42972.07761	8518.6938	38050.16564	57548.50923	16469.47468	20066.25651	48651.20681	2082.347373	36157.12257	20634.16943	112636.0625	72503.54946	37671.55703	25745.38571	9843.823947	16848.08329	14576.43161	60766.68244	46758.16375	24609.55987	19498.34359
Ruminiclostridium	1893.043067	757.2172267	2271.65168	0	378.6086133	757.2172267	0	378.6086133	1893.043067	0	0	0	0	0	0	0	0	0	0	0	10033.12825	5868.433507	1514.434453	567.91292	0	2271.65168	0	0	0	0	0
Parasutterella	9275.911027	13251.30147	5679.1292	3786.086133	757.2172267	3596.781827	2082.347373	8897.302414	16658.77899	2650.260293	1325.130147	0	5679.1292	8329.389494	3407.47752	3028.868907	15712.25745	757.2172267	21769.99527	6436.346427	20255.56081	16090.86607	0	26691.90724	34074.7752	10979.64979	11926.17132	50733.55419	46758.16375	12115.47563	23663.03833
Eggerthellaceae	48272.5982	46000.94652	46758.16375	8140.085187	3786.086133	14197.823	2460.955987	11926.17132	33885.47089	6814.95504	5679.1292	0	11736.86701	33696.16659	10033.12825	7382.86796	43350.68623	0	8518.6938	13061.99716	89351.63275	76100.33128	22905.82111	23095.12541	13819.21439	28963.55892	9654.51964	23095.12541	17415.99621	6057.737814	3407.47752
Intestinimonas	0	7382.86796	0	1135.82584	0	0	0	0	0	0	0	0	0	567.91292	378.6086133	0	0	0	0	0	3407.47752	5489.824894	0	0	189.3043067	3786.086133	0	757.2172267	0	0	0
Oscillibacter	0	4921.911973	1514.434453	1325.130147	567.91292	0	946.5215334	378.6086133	10601.04117	0	0	0	1135.82584	0	0	0	1514.434453	0	0	0	7004.259347	3786.086133	0	0	0	1514.434453	0	4353.999053	3407.47752	567.91292	567.91292
Acetatifactor	4164.694747	567.91292	1325.130147	0	0	1893.043067	0	3975.39044	6814.95504	0	0	0	0	0	0	0	3786.086133	0	567.91292	0	0	3028.868907	1514.434453	0	0	3028.868907	1514.434453	757.2172267	0	0	0
Lachnospiraceae_FCS020_group	0	0	0	0	0	0	0	1514.434453	12304.77993	3975.39044	757.2172267	0	1703.73876	6625.650734	0	0	1325.130147	0	0	2271.65168	24230.95125	14008.51869	1893.043067	0	1514.434453	4543.30336	0	0	0	0	0
Erysipelotrichaceae	1135.82584	3407.47752	0	0	0	189.3043067	189.3043067	2082.347373	0	1325.130147	1135.82584	0	0	4353.999053	0	0	1703.73876	0	567.91292	2271.65168	4164.694747	3975.39044	2271.65168	946.5215334	0	3407.47752	0	8329.389494	2460.955987	0	0
Lachnospiraceae_UCG_006	13819.21439	6247.04212	2271.65168	0	4164.694747	2650.260293	0	14576.43161	37292.94841	8897.302414	4543.30336	1514.434453	2271.65168	7193.563654	946.5215334	1135.82584	4921.911973	0	1135.82584	5679.1292	79507.8088	18173.21344	3407.47752	19876.9522	8707.998107	17605.30052	757.2172267	67770.94179	28017.03739	10222.43256	0
ASF356	946.5215334	6247.04212	1703.73876	0	0	1325.130147	0	5868.433507	4732.607667	0	0	946.5215334	189.3043067	2839.5646	1325.130147	0	1703.73876	378.6086133	1135.82584	2460.955987	20255.56081	9086.60672	2839.5646	0	0	0	0	757.2172267	2839.5646	0	1325.130147
A2	43350.68623	26313.29863	2839.5646	0	3028.868907	3407.47752	0	3786.086133	43161.38192	17794.60483	4921.911973	0	0	28963.55892	2082.347373	0	0	0	0	3407.47752	42972.07761	38428.77425	2271.65168	0	0	23663.03833	0	24609.55987	23284.42972	36725.03549	0
Gemella	757.2172267	1703.73876	0	1703.73876	0	2650.260293	0	0	0	0	0	1514.434453	757.2172267	0	0	0	0	0	1135.82584	0	0	757.2172267	378.6086133	0	0	1135.82584	1325.130147	0	0	1893.043067	0
Butyricicoccus	0	2650.260293	0	378.6086133	0	757.2172267	0	1135.82584	2082.347373	1893.043067	0	0	2271.65168	1514.434453	2082.347373	0	2460.955987	0	189.3043067	0	10790.34548	4732.607667	1135.82584	567.91292	0	946.5215334	0	1325.130147	0	0	0
DNF00809	14197.823	14955.04023	9843.823947	0	3596.781827	3028.868907	0	31045.90629	31613.81921	25177.47279	32181.73213	6625.650734	12683.38855	40889.73024	9654.51964	7193.563654	31992.42783	1325.130147	6814.95504	3218.173213	61713.20398	35210.60104	6814.95504	10979.64979	2460.955987	14387.12731	3028.868907	27638.42877	31045.90629	13061.99716	14955.04023
Tyzzerella_3	0	0	0	0	0	0	0	2082.347373	4353.999053	8707.998107	946.5215334	0	1325.130147	946.5215334	0	567.91292	0	0	189.3043067	0	1325.130147	9086.60672	1893.043067	0	0	0	0	189.3043067	567.91292	378.6086133	0
Family_XIII	757.2172267	2460.955987	0	0	757.2172267	567.91292	0	2082.347373	7004.259347	1325.130147	946.5215334	0	0	1893.043067	0	0	0	0	0	0	4921.911973	5300.520587	1325.130147	3218.173213	0	4353.999053	0	8897.302414	1325.130147	0	0
Ruminiclostridium_5	0	3786.086133	0	0	1893.043067	1135.82584	0	5489.824894	18362.51775	15712.25745	2460.955987	0	0	2650.260293	0	0	378.6086133	0	567.91292	2271.65168	21391.38665	43729.29484	1135.82584	0	0	23663.03833	757.2172267	14008.51869	3407.47752	0	0
Candidatus_Saccharimonas	0	378.6086133	0	0	0	0	0	1893.043067	1703.73876	0	3028.868907	757.2172267	0	0	0	0	0	0	0	0	5111.21628	8518.6938	3975.39044	8518.6938	10033.12825	20444.86512	1893.043067	21580.69096	16658.77899	6247.04212	4543.30336
Family_XIII_UCG_001	2271.65168	1135.82584	0	0	0	0	0	0	4164.694747	1514.434453	189.3043067	0	0	0	0	0	1135.82584	0	0	0	6057.737814	7572.172267	189.3043067	946.5215334	0	1893.043067	0	2271.65168	0	0	0
