#NAME	050B	051B	052B	058B	059B	060B	064B	065B	066B	067B	073B	074B	075B	076B	080B	081B	082B	083B	084B	085B	086B	087B	088B	095B	096B	097B	102B	103B	104B	105B	106B	107B	214B	215B	216B	226B	227B	228B	229B	230B	231B	232B	233B	234B	235B	236B	237B	238B	239B	240B
Lactobacillus	2898814.95	483135.825	4793072.015	3571558.797	7097538.742	7219690.064	9319963.537	9081130.356	8926162.261	9212397.448	5644484.959	4428441.203	7850501.367	9354603.464	5580674.567	6838650.866	4896991.796	4647219.69	5759343.665	6984503.191	7505925.251	9174111.212	8149498.633	5540565.178	7276207.84	6676390.155	6789425.706	4931631.723	7830446.673	8308113.036	3274384.686	8692798.541	483135.825	2061987.238	2213309.025	2144029.17	2118505.014	4612579.763	1620783.956	4534184.139	3668185.962	3265268.915	1834092.981	5597082.954	2833181.404	4071103.008	4426618.049	2510483.136	7367365.542	2328167.73
Escherichia_Shigella	6776663.628	8433910.665	4557885.141	5152233.364	1792160.438	2375569.736	3646.308113	1823.154057	10938.92434	9115.770283	10938.92434	41932.5433	7292.616226	9115.770283	5469.46217	20054.69462	43755.69736	14585.23245	60164.08387	7292.616226	2058340.93	0	14585.23245	2278942.571	3646.308113	0	12762.0784	0	381039.1978	14585.23245	14585.23245	0	30993.61896	74749.31632	4353691.887	1564266.18	738377.3929	703737.4658	189608.0219	167730.1732	58340.92981	43755.69736	85688.24066	1595259.799	71103.0082	18231.54057	30993.61896	78395.62443	14585.23245	154968.0948
Muribacter	91157.70283	1823.154057	209662.7165	43755.69736	659981.7685	27347.31085	639927.0738	758432.0875	906107.5661	689152.2334	2029170.465	3126709.207	1679124.886	149498.6326	3296262.534	2567000.912	3947128.532	4561531.449	1680948.04	2683682.771	38286.23519	362807.6572	745670.0091	474020.0547	446672.7438	639927.0738	2632634.458	2969917.958	731084.7767	1257976.299	4869644.485	946216.9553	3695533.273	1061075.661	14585.23245	1272561.531	3152233.364	2238833.181	4401093.892	1538742.024	2497721.057	1573381.951	876937.1012	984503.1905	1598906.108	2607110.301	1910665.451	2244302.644	1185050.137	796718.3227
Staphylococcus	0	34639.92707	0	1823.154057	18231.54057	10938.92434	0	10938.92434	3646.308113	0	34639.92707	29170.4649	1823.154057	0	20054.69462	7292.616226	78395.62443	76572.47037	72926.16226	56517.77575	3646.308113	5469.46217	14585.23245	16408.38651	38286.23519	45578.85141	0	0	0	5469.46217	0	0	76572.47037	98450.31905	173199.6354	113035.5515	32816.77302	21877.84868	76572.47037	69279.85415	23701.00273	116681.8596	184138.5597	32816.77302	113035.5515	85688.24066	21877.84868	56517.77575	20054.69462	41932.5433
Streptococcus	87511.39471	49225.15953	262534.1841	669097.5387	302643.5734	127620.784	10938.92434	20054.69462	10938.92434	3646.308113	1294439.38	399270.7384	176845.9435	180492.2516	111212.3974	74749.31632	91157.70283	72926.16226	268003.6463	32816.77302	247948.9517	193254.33	720145.8523	60164.08387	74749.31632	85688.24066	147675.4786	494074.7493	388331.814	196900.6381	556061.9872	125797.6299	16408.38651	249772.1057	125797.6299	255241.5679	705560.6199	384685.5059	165907.0191	249772.1057	481312.6709	32816.77302	41932.5433	350045.5789	49225.15953	415679.1249	328167.7302	690975.3874	258887.876	34639.92707
Klebsiella	0	0	0	0	0	0	0	0	0	0	0	0	0	0	0	0	0	211485.8706	340929.8086	0	0	0	0	1396536.007	2009115.77	2494074.749	0	1011850.501	0	0	0	0	47402.00547	111212.3974	0	25524.15679	72926.16226	23701.00273	60164.08387	67456.70009	76572.47037	91157.70283	114858.7056	21877.84868	74749.31632	18231.54057	30993.61896	52871.46764	0	72926.16226
Enterococcus	0	187784.8678	0	0	0	1823.154057	0	0	0	0	0	0	1823.154057	0	0	0	0	0	0	0	0	0	0	5469.46217	3646.308113	0	5469.46217	5469.46217	253418.4139	0	0	0	58340.92981	25524.15679	1287146.764	16408.38651	0	0	14585.23245	71103.0082	36463.08113	47402.00547	63810.39198	0	51048.31358	14585.23245	18231.54057	29170.4649	0	52871.46764
Pseudomonas	94804.01094	523245.2142	105742.9353	273473.1085	49225.15953	87511.39471	16408.38651	63810.39198	54694.6217	36463.08113	587055.6062	1134001.823	138559.7083	122151.3218	286235.1869	116681.8596	386508.66	204193.2543	616226.0711	74749.31632	49225.15953	63810.39198	116681.8596	49225.15953	52871.46764	27347.31085	260711.0301	393801.2762	12762.0784	125797.6299	419325.433	87511.39471	658158.6144	302643.5734	0	242479.4895	271649.9544	278942.5706	353691.887	184138.5597	184138.5597	357338.1951	596171.3765	80218.77849	419325.433	123974.4758	408386.5087	275296.2625	107566.0893	674567.0009
Lachnospiraceae_NK4A136_group	0	18231.54057	0	0	0	0	0	0	0	0	0	0	0	0	0	0	0	0	0	0	0	0	0	0	0	0	0	0	164083.8651	0	0	0	3646.308113	36463.08113	125797.6299	16408.38651	12762.0784	0	0	0	5469.46217	18231.54057	0	0	65633.54603	21877.84868	21877.84868	14585.23245	0	34639.92707
Muribaculaceae	0	0	0	0	0	0	0	0	0	0	0	1823.154057	0	0	0	0	0	0	0	0	0	0	0	0	0	0	0	0	0	0	0	5469.46217	14585.23245	1823.154057	0	16408.38651	5469.46217	3646.308113	0	9115.770283	0	16408.38651	41932.5433	0	16408.38651	0	10938.92434	16408.38651	3646.308113	47402.00547
Lachnospiraceae	0	7292.616226	0	0	0	0	0	0	0	3646.308113	0	0	0	0	0	0	0	0	0	3646.308113	0	0	0	0	0	0	1823.154057	0	180492.2516	3646.308113	12762.0784	0	109389.2434	122151.3218	1217866.91	153144.9407	21877.84868	43755.69736	16408.38651	109389.2434	125797.6299	89334.54877	40109.38924	7292.616226	45578.85141	58340.92981	40109.38924	136736.5542	0	211485.8706
Bacteroides	0	0	0	0	0	0	0	0	0	0	0	0	0	0	9115.770283	0	1823.154057	0	0	0	0	5469.46217	0	0	0	0	0	10938.92434	0	0	0	0	342752.9626	291704.649	5469.46217	309936.1896	200546.9462	180492.2516	280765.7247	209662.7165	333637.1923	298997.2653	545123.0629	111212.3974	412032.8168	251595.2598	206016.4084	397447.5843	103919.7812	483135.825
Rodentibacter	0	0	0	0	0	0	0	0	0	0	0	0	0	0	0	0	0	0	0	0	0	0	0	0	0	0	0	0	0	0	0	0	0	5469.46217	196900.6381	74749.31632	246125.7976	85688.24066	211485.8706	103919.7812	54694.6217	56517.77575	45578.85141	116681.8596	120328.1677	87511.39471	105742.9353	69279.85415	38286.23519	0
Turicibacter	0	0	14585.23245	10938.92434	5469.46217	12762.0784	0	0	1823.154057	0	0	14585.23245	0	0	1823.154057	0	3646.308113	0	0	10938.92434	0	0	9115.770283	7292.616226	7292.616226	0	12762.0784	0	5469.46217	0	0	27347.31085	36463.08113	12762.0784	0	40109.38924	0	7292.616226	30993.61896	30993.61896	45578.85141	21877.84868	71103.0082	12762.0784	43755.69736	21877.84868	27347.31085	25524.15679	12762.0784	41932.5433
Parabacteroides	0	0	0	0	0	0	0	0	0	0	0	0	0	0	0	0	0	0	0	0	0	0	0	0	0	0	0	0	0	0	0	0	12762.0784	14585.23245	0	9115.770283	14585.23245	10938.92434	0	3646.308113	16408.38651	41932.5433	10938.92434	0	3646.308113	0	3646.308113	9115.770283	9115.770283	14585.23245
Phyllobacterium	38286.23519	134913.4002	38286.23519	158614.4029	58340.92981	87511.39471	9115.770283	36463.08113	56517.77575	27347.31085	222424.7949	475843.2088	91157.70283	100273.4731	459434.8222	246125.7976	302643.5734	114858.7056	401093.8924	100273.4731	52871.46764	85688.24066	154968.0948	107566.0893	54694.6217	3646.308113	52871.46764	21877.84868	0	5469.46217	209662.7165	41932.5433	0	0	0	0	0	0	0	0	0	0	0	0	0	0	0	0	0	0
Rikenellaceae_RC9_gut_group	0	1823.154057	0	0	0	3646.308113	0	0	0	1823.154057	0	0	0	0	0	0	0	0	0	5469.46217	0	0	0	0	0	0	0	0	0	0	7292.616226	0	89334.54877	61987.23792	0	89334.54877	25524.15679	38286.23519	0	76572.47037	27347.31085	47402.00547	113035.5515	20054.69462	56517.77575	27347.31085	21877.84868	43755.69736	23701.00273	102096.6272
Alistipes	0	0	0	0	1823.154057	0	0	0	0	0	0	0	0	0	0	0	0	0	0	0	0	0	0	0	0	1823.154057	0	0	0	0	0	0	111212.3974	107566.0893	0	71103.0082	23701.00273	9115.770283	25524.15679	76572.47037	47402.00547	136736.5542	120328.1677	9115.770283	80218.77849	58340.92981	49225.15953	147675.4786	10938.92434	74749.31632
Alloprevotella	0	0	0	0	0	0	0	0	0	0	0	12762.0784	0	0	0	0	0	0	0	0	0	0	0	0	0	0	0	0	0	0	0	0	89334.54877	116681.8596	0	58340.92981	47402.00547	25524.15679	83865.0866	36463.08113	32816.77302	56517.77575	142206.0164	29170.4649	51048.31358	23701.00273	36463.08113	34639.92707	14585.23245	83865.0866
Clostridium_sensu_stricto_1	0	0	0	0	0	0	0	0	0	0	12762.0784	0	0	0	0	0	0	0	0	0	0	0	0	5469.46217	3646.308113	0	0	0	1823.154057	0	3646.308113	0	60164.08387	80218.77849	0	56517.77575	29170.4649	41932.5433	78395.62443	14585.23245	45578.85141	47402.00547	142206.0164	5469.46217	72926.16226	30993.61896	67456.70009	40109.38924	0	136736.5542
Romboutsia	0	0	3646.308113	3646.308113	0	0	0	0	0	0	0	0	0	0	7292.616226	0	0	0	0	0	0	0	0	0	0	0	0	0	20054.69462	0	20054.69462	0	131267.0921	120328.1677	0	116681.8596	105742.9353	40109.38924	0	74749.31632	58340.92981	80218.77849	114858.7056	52871.46764	140382.8624	63810.39198	156791.2489	136736.5542	16408.38651	153144.9407
Bifidobacterium	0	0	0	0	0	0	0	0	0	0	0	0	0	0	0	0	0	0	0	0	0	0	0	0	0	0	1823.154057	0	0	0	9115.770283	0	27347.31085	51048.31358	0	29170.4649	0	16408.38651	63810.39198	10938.92434	14585.23245	21877.84868	49225.15953	0	47402.00547	14585.23245	21877.84868	30993.61896	18231.54057	29170.4649
Ruminococcaceae	0	0	0	0	0	0	0	0	0	0	0	0	0	0	0	0	0	0	0	0	0	0	0	0	0	0	0	0	30993.61896	0	0	1823.154057	60164.08387	138559.7083	56517.77575	129443.938	49225.15953	34639.92707	0	27347.31085	21877.84868	65633.54603	43755.69736	0	49225.15953	52871.46764	63810.39198	56517.77575	0	80218.77849
Dysgonomonas	0	7292.616226	1823.154057	0	5469.46217	5469.46217	0	0	0	0	25524.15679	20054.69462	1823.154057	5469.46217	3646.308113	12762.0784	29170.4649	7292.616226	52871.46764	0	1823.154057	16408.38651	21877.84868	3646.308113	9115.770283	0	0	10938.92434	0	5469.46217	45578.85141	1823.154057	249772.1057	275296.2625	3646.308113	145852.3245	182315.4057	85688.24066	195077.484	145852.3245	156791.2489	196900.6381	326344.5761	61987.23792	182315.4057	103919.7812	127620.784	196900.6381	65633.54603	260711.0301
Succinivibrio	0	0	0	0	0	0	0	0	0	0	0	0	0	0	0	0	0	0	0	0	0	0	0	7292.616226	0	0	0	0	0	0	0	0	105742.9353	211485.8706	0	102096.6272	52871.46764	38286.23519	89334.54877	76572.47037	74749.31632	129443.938	216955.3327	45578.85141	144029.1705	63810.39198	87511.39471	89334.54877	45578.85141	131267.0921
Acetobacter	0	0	0	0	0	0	0	0	0	0	0	0	0	0	0	0	0	0	0	0	0	0	0	0	0	0	0	0	0	0	0	0	100273.4731	116681.8596	0	51048.31358	52871.46764	29170.4649	129443.938	94804.01094	52871.46764	100273.4731	111212.3974	0	94804.01094	67456.70009	23701.00273	56517.77575	43755.69736	91157.70283
Clostridiales_vadinBB60_group	0	0	0	0	0	0	0	0	0	0	0	0	0	0	0	0	0	0	0	0	0	0	0	0	0	0	0	0	0	0	0	0	49225.15953	25524.15679	0	23701.00273	0	1823.154057	0	29170.4649	9115.770283	9115.770283	16408.38651	10938.92434	10938.92434	20054.69462	16408.38651	14585.23245	3646.308113	3646.308113
Parasutterella	0	0	0	0	0	0	0	0	0	0	0	0	0	1823.154057	0	0	0	0	0	0	0	0	0	0	0	0	0	0	0	0	0	0	0	0	0	1823.154057	1823.154057	0	0	10938.92434	16408.38651	9115.770283	45578.85141	0	14585.23245	3646.308113	0	5469.46217	0	5469.46217
Proteus	0	0	0	0	0	0	0	0	0	0	0	0	0	0	0	0	0	0	0	0	0	0	0	0	0	0	0	0	0	0	0	0	40109.38924	92980.85688	0	43755.69736	34639.92707	16408.38651	60164.08387	9115.770283	41932.5433	25524.15679	69279.85415	27347.31085	43755.69736	20054.69462	25524.15679	27347.31085	10938.92434	85688.24066
Oscillibacter	0	0	0	0	0	0	0	0	0	0	0	0	0	0	0	0	0	0	0	0	0	0	0	0	0	0	0	0	0	0	0	0	25524.15679	18231.54057	160437.557	9115.770283	10938.92434	0	0	1823.154057	9115.770283	14585.23245	0	5469.46217	16408.38651	7292.616226	0	0	3646.308113	20054.69462
Weissella	0	0	0	12762.0784	0	0	0	0	0	0	0	0	0	3646.308113	0	9115.770283	3646.308113	0	5469.46217	0	1823.154057	0	3646.308113	1823.154057	0	0	3646.308113	25524.15679	0	1823.154057	0	0	165907.0191	268003.6463	0	204193.2543	82041.93254	67456.70009	193254.33	142206.0164	82041.93254	149498.6326	463081.1304	72926.16226	213309.0246	144029.1705	129443.938	151321.7867	47402.00547	231540.5652
Ruminococcaceae_UCG_005	0	0	0	0	0	1823.154057	0	0	0	0	0	0	0	0	0	0	0	0	0	0	0	1823.154057	0	0	0	0	9115.770283	0	0	0	0	0	373746.5816	337283.5005	7292.616226	206016.4084	211485.8706	63810.39198	171376.4813	145852.3245	193254.33	300820.4193	173199.6354	142206.0164	357338.1951	185961.7138	206016.4084	246125.7976	47402.00547	346399.2707
Curvibacter	5469.46217	7292.616226	5469.46217	36463.08113	1823.154057	3646.308113	0	7292.616226	9115.770283	9115.770283	43755.69736	45578.85141	10938.92434	12762.0784	71103.0082	1823.154057	30993.61896	12762.0784	52871.46764	12762.0784	10938.92434	1823.154057	5469.46217	0	0	0	0	0	0	0	0	0	0	0	0	0	0	0	0	0	0	0	0	0	0	0	0	0	0	0
Arcobacter	0	0	0	0	0	0	0	0	0	0	0	9115.770283	0	0	0	1823.154057	0	7292.616226	0	0	0	0	0	0	0	0	0	0	0	0	0	0	105742.9353	131267.0921	0	98450.31905	67456.70009	36463.08113	52871.46764	60164.08387	118505.0137	111212.3974	178669.0975	21877.84868	89334.54877	85688.24066	63810.39198	83865.0866	14585.23245	184138.5597
Akkermansia	0	0	0	0	0	0	0	0	0	0	0	0	0	0	0	0	0	0	0	0	0	0	0	0	0	0	0	0	0	0	0	0	32816.77302	76572.47037	0	14585.23245	23701.00273	0	0	12762.0784	5469.46217	16408.38651	20054.69462	0	32816.77302	9115.770283	9115.770283	18231.54057	0	29170.4649
Corynebacterium_1	0	21877.84868	0	1823.154057	0	3646.308113	0	0	0	0	5469.46217	18231.54057	9115.770283	0	5469.46217	7292.616226	7292.616226	0	14585.23245	5469.46217	5469.46217	20054.69462	0	3646.308113	0	5469.46217	0	25524.15679	0	0	14585.23245	0	258887.876	94804.01094	0	266180.4923	67456.70009	52871.46764	187784.8678	136736.5542	12762.0784	238833.1814	103919.7812	27347.31085	98450.31905	56517.77575	29170.4649	63810.39198	38286.23519	169553.3273
Solibacillus	0	0	0	0	0	0	0	0	0	0	0	0	0	0	0	0	0	0	0	3646.308113	0	0	0	0	0	0	0	0	0	0	0	0	58340.92981	118505.0137	0	111212.3974	74749.31632	29170.4649	72926.16226	52871.46764	29170.4649	58340.92981	123974.4758	38286.23519	49225.15953	67456.70009	32816.77302	116681.8596	10938.92434	61987.23792
Acinetobacter	3646.308113	0	3646.308113	0	0	0	0	0	0	0	5469.46217	14585.23245	5469.46217	0	9115.770283	0	0	0	0	0	0	0	1823.154057	0	3646.308113	0	1823.154057	0	0	1823.154057	0	0	240656.3355	315405.6518	0	185961.7138	129443.938	82041.93254	58340.92981	138559.7083	114858.7056	180492.2516	337283.5005	58340.92981	145852.3245	147675.4786	127620.784	226071.103	52871.46764	238833.1814
Burkholderiaceae	0	0	0	0	0	0	0	0	0	0	0	0	0	0	1823.154057	0	0	0	0	0	0	1823.154057	0	0	0	0	0	5469.46217	0	1823.154057	0	0	54694.6217	100273.4731	0	74749.31632	85688.24066	27347.31085	41932.5433	27347.31085	25524.15679	43755.69736	96627.165	16408.38651	60164.08387	34639.92707	32816.77302	45578.85141	14585.23245	74749.31632
Gemella	1823.154057	14585.23245	0	14585.23245	3646.308113	5469.46217	0	3646.308113	3646.308113	3646.308113	0	20054.69462	1823.154057	12762.0784	20054.69462	21877.84868	43755.69736	20054.69462	98450.31905	0	3646.308113	21877.84868	16408.38651	5469.46217	0	0	0	0	0	40109.38924	94804.01094	0	0	0	0	0	0	0	0	0	0	0	0	0	0	0	0	0	0	0
Paeniclostridium	0	1823.154057	0	0	0	0	0	0	0	0	0	0	0	0	0	0	0	0	0	0	0	0	0	0	1823.154057	0	0	0	0	0	0	0	78395.62443	45578.85141	0	65633.54603	34639.92707	0	0	29170.4649	16408.38651	29170.4649	71103.0082	20054.69462	54694.6217	10938.92434	43755.69736	27347.31085	32816.77302	72926.16226
Marinospirillum	0	0	0	0	0	0	0	0	0	0	0	0	0	5469.46217	0	0	0	0	0	0	0	0	0	0	0	0	0	0	0	3646.308113	0	0	52871.46764	133090.2461	0	29170.4649	41932.5433	30993.61896	40109.38924	34639.92707	38286.23519	65633.54603	60164.08387	21877.84868	74749.31632	47402.00547	60164.08387	21877.84868	7292.616226	162260.711
Coprococcus_3	0	0	0	0	0	0	0	0	0	0	0	0	0	1823.154057	0	0	0	0	0	0	0	0	0	0	0	0	0	0	0	0	0	0	76572.47037	100273.4731	0	61987.23792	47402.00547	25524.15679	0	0	7292.616226	49225.15953	109389.2434	25524.15679	69279.85415	49225.15953	0	65633.54603	0	40109.38924
Vagococcus	0	0	0	0	0	0	0	0	0	0	5469.46217	12762.0784	0	0	0	0	16408.38651	1823.154057	9115.770283	0	0	5469.46217	0	0	0	3646.308113	0	0	0	0	0	0	67456.70009	92980.85688	0	78395.62443	54694.6217	29170.4649	94804.01094	82041.93254	65633.54603	60164.08387	80218.77849	29170.4649	72926.16226	38286.23519	43755.69736	63810.39198	20054.69462	133090.2461
Empedobacter	0	0	0	0	0	0	0	1823.154057	0	0	0	0	0	0	0	0	0	0	0	0	0	0	0	0	0	0	0	0	0	0	25524.15679	0	54694.6217	69279.85415	0	83865.0866	34639.92707	18231.54057	47402.00547	49225.15953	38286.23519	61987.23792	142206.0164	16408.38651	74749.31632	41932.5433	51048.31358	63810.39198	10938.92434	71103.0082
Treponema_2	0	0	0	0	0	0	0	0	0	0	0	0	0	0	0	0	0	0	0	0	0	0	0	0	0	0	0	0	0	0	0	0	118505.0137	107566.0893	0	63810.39198	80218.77849	21877.84868	47402.00547	85688.24066	29170.4649	129443.938	89334.54877	30993.61896	58340.92981	51048.31358	49225.15953	92980.85688	16408.38651	131267.0921
Erysipelatoclostridium	0	0	0	0	0	0	0	0	0	0	0	0	0	0	0	0	0	0	0	0	0	0	0	0	0	0	0	0	0	0	0	0	12762.0784	0	0	3646.308113	1823.154057	14585.23245	27347.31085	0	5469.46217	23701.00273	0	0	10938.92434	5469.46217	0	1823.154057	0	0
Flavobacterium	0	0	0	0	0	0	0	1823.154057	0	0	0	0	0	0	0	0	3646.308113	0	0	0	0	0	0	0	0	0	0	5469.46217	0	0	0	0	27347.31085	87511.39471	0	43755.69736	52871.46764	12762.0784	78395.62443	61987.23792	52871.46764	41932.5433	87511.39471	7292.616226	83865.0866	29170.4649	16408.38651	16408.38651	10938.92434	111212.3974
Providencia	0	0	0	0	0	0	0	0	0	0	0	0	0	0	0	0	0	1823.154057	0	0	0	0	0	0	0	0	0	0	0	0	0	0	56517.77575	122151.3218	0	21877.84868	25524.15679	21877.84868	0	30993.61896	21877.84868	18231.54057	52871.46764	9115.770283	71103.0082	14585.23245	20054.69462	47402.00547	14585.23245	38286.23519
Comamonas	0	0	0	0	0	0	0	0	0	0	0	0	0	0	0	0	0	0	0	0	0	0	0	0	0	0	0	0	0	0	0	0	65633.54603	32816.77302	0	32816.77302	9115.770283	16408.38651	47402.00547	45578.85141	36463.08113	43755.69736	131267.0921	10938.92434	21877.84868	12762.0784	16408.38651	12762.0784	14585.23245	72926.16226
Euglenida	1823.154057	5469.46217	3646.308113	18231.54057	0	5469.46217	0	0	0	0	16408.38651	14585.23245	5469.46217	5469.46217	27347.31085	14585.23245	20054.69462	12762.0784	43755.69736	0	0	1823.154057	1823.154057	0	0	0	10938.92434	20054.69462	0	1823.154057	52871.46764	12762.0784	3646.308113	0	0	0	0	0	0	0	0	0	0	0	1823.154057	0	0	0	0	0
Rhodospirillales	0	0	0	0	0	0	0	0	0	0	0	0	0	0	0	0	0	0	0	0	1823.154057	0	0	0	0	0	0	0	0	0	0	0	5469.46217	12762.0784	0	5469.46217	1823.154057	5469.46217	9115.770283	1823.154057	63810.39198	12762.0784	10938.92434	0	7292.616226	16408.38651	14585.23245	23701.00273	3646.308113	16408.38651
Ruminobacter	0	0	0	1823.154057	0	0	0	0	0	0	3646.308113	0	0	0	0	0	0	0	0	0	0	3646.308113	0	0	0	0	0	0	0	0	0	0	71103.0082	52871.46764	0	67456.70009	23701.00273	16408.38651	80218.77849	0	34639.92707	98450.31905	0	3646.308113	54694.6217	10938.92434	10938.92434	34639.92707	9115.770283	74749.31632
Ruminococcaceae_UCG_009	0	0	0	0	0	0	0	0	0	0	0	0	0	0	0	0	0	0	0	0	0	0	0	0	0	0	0	0	0	0	0	0	9115.770283	7292.616226	47402.00547	5469.46217	7292.616226	1823.154057	0	7292.616226	10938.92434	0	0	0	3646.308113	0	1823.154057	0	7292.616226	10938.92434
Aerococcus	0	0	0	0	0	0	0	0	0	0	0	0	0	0	5469.46217	0	0	0	0	0	0	1823.154057	0	0	0	0	3646.308113	5469.46217	0	0	0	0	32816.77302	36463.08113	0	9115.770283	5469.46217	3646.308113	63810.39198	25524.15679	12762.0784	14585.23245	18231.54057	7292.616226	47402.00547	32816.77302	16408.38651	23701.00273	7292.616226	20054.69462
Fusobacterium	0	0	0	0	0	0	0	0	0	0	0	21877.84868	0	0	0	0	0	1823.154057	0	0	3646.308113	0	0	0	0	1823.154057	0	0	0	0	0	0	18231.54057	83865.0866	0	20054.69462	30993.61896	38286.23519	25524.15679	43755.69736	76572.47037	94804.01094	43755.69736	0	40109.38924	7292.616226	14585.23245	61987.23792	5469.46217	23701.00273
Ruminiclostridium_5	0	0	0	0	0	0	0	0	0	0	0	0	0	0	0	0	0	0	0	0	0	0	0	0	0	0	0	0	0	0	0	0	0	9115.770283	10938.92434	9115.770283	3646.308113	9115.770283	0	1823.154057	0	9115.770283	0	0	21877.84868	3646.308113	1823.154057	0	0	7292.616226
Flectobacillus	0	0	0	0	0	0	0	7292.616226	1823.154057	0	7292.616226	0	0	3646.308113	9115.770283	7292.616226	1823.154057	0	9115.770283	5469.46217	0	1823.154057	0	0	0	0	0	0	0	0	12762.0784	7292.616226	0	0	0	0	0	0	0	0	0	0	0	0	0	0	0	0	0	0
Blautia	0	0	0	0	0	0	0	0	0	0	0	0	0	0	0	0	0	0	0	0	0	0	0	0	0	0	0	0	0	0	0	0	52871.46764	32816.77302	0	32816.77302	30993.61896	18231.54057	0	21877.84868	21877.84868	18231.54057	0	0	36463.08113	0	10938.92434	32816.77302	0	16408.38651
Leptotrichiaceae	0	0	0	0	0	0	0	0	0	0	0	0	0	0	0	0	0	0	0	0	0	0	0	0	0	0	0	0	0	0	0	0	18231.54057	45578.85141	0	20054.69462	29170.4649	5469.46217	30993.61896	5469.46217	14585.23245	52871.46764	45578.85141	5469.46217	23701.00273	9115.770283	16408.38651	25524.15679	1823.154057	51048.31358
Phascolarctobacterium	0	0	0	0	0	0	0	0	0	0	0	0	0	0	0	0	0	0	0	0	0	0	0	0	0	0	0	0	0	0	0	0	29170.4649	76572.47037	0	20054.69462	20054.69462	7292.616226	69279.85415	34639.92707	14585.23245	58340.92981	63810.39198	5469.46217	51048.31358	7292.616226	21877.84868	27347.31085	16408.38651	65633.54603
Mitochondria	0	0	0	0	0	5469.46217	0	0	1823.154057	0	1823.154057	20054.69462	1823.154057	10938.92434	0	14585.23245	14585.23245	7292.616226	27347.31085	0	3646.308113	0	3646.308113	1823.154057	0	0	1823.154057	10938.92434	0	1823.154057	18231.54057	5469.46217	7292.616226	1823.154057	0	0	0	0	0	0	23701.00273	0	0	7292.616226	18231.54057	5469.46217	5469.46217	0	0	0
Distigma	0	12762.0784	0	16408.38651	1823.154057	5469.46217	0	1823.154057	9115.770283	0	5469.46217	87511.39471	5469.46217	10938.92434	36463.08113	9115.770283	20054.69462	10938.92434	7292.616226	7292.616226	1823.154057	10938.92434	3646.308113	9115.770283	0	1823.154057	27347.31085	34639.92707	0	5469.46217	111212.3974	9115.770283	0	0	0	0	0	10938.92434	0	0	0	1823.154057	0	0	0	0	0	0	0	0
Apibacter	0	0	0	0	0	0	0	0	0	0	0	0	0	0	0	0	0	0	0	0	0	0	0	0	0	0	0	0	0	0	0	0	12762.0784	30993.61896	0	20054.69462	0	10938.92434	0	14585.23245	3646.308113	12762.0784	23701.00273	14585.23245	10938.92434	5469.46217	7292.616226	10938.92434	9115.770283	12762.0784
Aerosphaera	0	0	0	0	0	0	0	0	0	0	0	0	0	0	0	0	0	0	0	0	0	0	0	0	0	0	0	0	0	0	0	0	29170.4649	43755.69736	0	10938.92434	16408.38651	10938.92434	18231.54057	9115.770283	0	14585.23245	58340.92981	0	21877.84868	0	14585.23245	18231.54057	25524.15679	0
Prevotellaceae_UCG_003	0	0	0	0	0	0	0	0	0	0	0	0	0	0	0	0	0	0	0	0	0	0	0	0	0	0	0	0	0	0	0	0	45578.85141	100273.4731	0	5469.46217	36463.08113	9115.770283	0	14585.23245	21877.84868	43755.69736	47402.00547	16408.38651	52871.46764	14585.23245	25524.15679	56517.77575	1823.154057	65633.54603
Paenalcaligenes	0	0	0	0	0	0	0	0	0	0	0	0	0	0	0	0	0	0	0	0	0	0	0	0	0	0	0	0	0	0	0	0	5469.46217	20054.69462	0	14585.23245	16408.38651	0	0	7292.616226	12762.0784	0	0	0	5469.46217	14585.23245	0	10938.92434	7292.616226	16408.38651
Ruminococcus_2	0	0	0	0	0	0	0	0	0	0	0	0	0	0	0	0	0	0	0	0	0	0	0	0	0	0	0	7292.616226	0	0	0	0	52871.46764	78395.62443	0	29170.4649	1823.154057	16408.38651	0	1823.154057	41932.5433	43755.69736	76572.47037	9115.770283	14585.23245	27347.31085	12762.0784	76572.47037	23701.00273	38286.23519
Bacteroidales_RF16_group	0	0	0	0	0	0	0	0	0	0	0	0	0	0	0	0	0	0	0	0	0	0	0	0	0	0	0	0	0	0	0	0	40109.38924	133090.2461	0	63810.39198	21877.84868	18231.54057	0	61987.23792	34639.92707	103919.7812	56517.77575	20054.69462	94804.01094	43755.69736	29170.4649	74749.31632	14585.23245	114858.7056
Enterobacteriaceae	0	3646.308113	0	0	0	0	0	0	0	0	0	0	0	0	0	0	1823.154057	0	0	0	0	0	0	0	9115.770283	10938.92434	0	0	0	0	0	0	51048.31358	20054.69462	0	20054.69462	0	0	0	21877.84868	30993.61896	36463.08113	41932.5433	21877.84868	3646.308113	10938.92434	21877.84868	40109.38924	0	14585.23245
Prevotella_9	0	0	0	0	0	0	0	0	0	0	0	0	0	0	0	0	0	0	0	0	0	0	0	0	0	0	0	0	0	0	0	3646.308113	47402.00547	12762.0784	0	21877.84868	20054.69462	20054.69462	0	7292.616226	23701.00273	51048.31358	30993.61896	25524.15679	10938.92434	49225.15953	34639.92707	9115.770283	0	78395.62443
Faecalibacterium	0	0	0	0	0	0	0	0	0	0	0	0	0	0	0	0	0	0	0	0	0	0	0	0	0	0	0	0	0	0	0	0	14585.23245	47402.00547	0	30993.61896	7292.616226	0	0	16408.38651	5469.46217	0	29170.4649	0	25524.15679	10938.92434	0	10938.92434	9115.770283	32816.77302
Carnobacteriaceae	0	0	0	0	0	0	0	0	0	0	0	0	0	0	0	0	0	0	0	0	0	0	0	0	0	0	5469.46217	0	0	0	0	0	5469.46217	30993.61896	0	36463.08113	21877.84868	3646.308113	12762.0784	27347.31085	27347.31085	12762.0784	25524.15679	0	45578.85141	20054.69462	16408.38651	7292.616226	0	27347.31085
Porphyromonas	0	0	0	0	0	3646.308113	0	0	0	0	3646.308113	0	0	0	0	0	0	0	0	0	0	0	0	12762.0784	0	0	0	0	0	7292.616226	0	14585.23245	9115.770283	32816.77302	0	12762.0784	0	3646.308113	10938.92434	34639.92707	9115.770283	9115.770283	30993.61896	0	12762.0784	12762.0784	5469.46217	27347.31085	3646.308113	14585.23245
Prevotellaceae	0	0	0	0	0	0	0	0	0	0	0	0	0	0	0	0	0	0	0	0	0	0	0	0	0	0	0	0	0	0	0	0	52871.46764	34639.92707	0	27347.31085	1823.154057	23701.00273	0	25524.15679	16408.38651	65633.54603	102096.6272	9115.770283	40109.38924	23701.00273	25524.15679	27347.31085	0	32816.77302
Vibrio	0	0	0	0	0	0	0	0	0	0	0	0	0	0	5469.46217	0	0	0	0	1823.154057	1823.154057	0	0	0	0	0	0	0	0	0	0	0	52871.46764	34639.92707	0	32816.77302	21877.84868	9115.770283	0	43755.69736	29170.4649	32816.77302	100273.4731	27347.31085	61987.23792	16408.38651	14585.23245	23701.00273	18231.54057	12762.0784
Holosporaceae	0	0	0	0	0	0	0	0	0	0	0	0	0	0	0	0	0	5469.46217	0	1823.154057	1823.154057	0	0	0	3646.308113	0	0	0	0	1823.154057	32816.77302	0	36463.08113	21877.84868	0	23701.00273	5469.46217	0	30993.61896	20054.69462	3646.308113	30993.61896	14585.23245	3646.308113	69279.85415	1823.154057	16408.38651	5469.46217	0	43755.69736
Ruminococcaceae_UCG_014	0	0	0	0	0	0	0	0	0	0	0	0	0	0	0	0	0	0	0	0	0	0	0	0	0	0	0	0	0	0	0	0	30993.61896	41932.5433	0	29170.4649	32816.77302	0	10938.92434	5469.46217	12762.0784	30993.61896	38286.23519	23701.00273	20054.69462	5469.46217	14585.23245	16408.38651	9115.770283	7292.616226
Kurthia	0	0	0	0	0	0	0	0	0	0	0	0	0	0	3646.308113	0	0	0	5469.46217	0	0	0	1823.154057	0	0	0	3646.308113	0	0	0	21877.84868	0	29170.4649	43755.69736	0	27347.31085	54694.6217	0	0	16408.38651	0	0	0	0	9115.770283	7292.616226	9115.770283	0	0	43755.69736
Acetitomaculum	0	0	0	0	0	0	0	0	0	0	0	0	0	0	0	0	0	0	0	0	0	0	0	0	0	0	0	0	0	0	0	0	27347.31085	12762.0784	0	3646.308113	16408.38651	9115.770283	0	10938.92434	0	0	0	0	32816.77302	0	30993.61896	20054.69462	0	10938.92434
Gastranaerophilales	0	0	0	0	0	0	0	0	0	0	0	0	0	0	0	0	0	0	0	0	0	0	0	0	0	0	0	0	0	0	0	0	9115.770283	21877.84868	0	7292.616226	10938.92434	5469.46217	0	0	1823.154057	3646.308113	12762.0784	0	14585.23245	3646.308113	0	7292.616226	3646.308113	14585.23245
Paludibacteraceae	0	7292.616226	0	0	0	0	0	0	0	0	0	0	0	0	0	0	0	0	0	0	0	0	0	0	0	0	0	0	0	0	0	0	29170.4649	60164.08387	0	0	10938.92434	20054.69462	14585.23245	12762.0784	9115.770283	30993.61896	78395.62443	1823.154057	65633.54603	18231.54057	36463.08113	14585.23245	3646.308113	9115.770283
Bacillus	0	0	0	0	0	0	0	0	0	0	7292.616226	0	9115.770283	0	0	3646.308113	10938.92434	0	0	0	0	5469.46217	7292.616226	3646.308113	1823.154057	0	0	0	0	1823.154057	10938.92434	1823.154057	7292.616226	9115.770283	0	7292.616226	1823.154057	0	0	3646.308113	0	5469.46217	23701.00273	0	18231.54057	0	3646.308113	0	0	27347.31085
Anaerovibrio	0	0	0	0	0	0	0	0	0	0	0	0	0	0	0	0	0	0	0	0	0	0	0	0	0	0	0	0	0	0	0	0	16408.38651	5469.46217	0	12762.0784	20054.69462	0	0	1823.154057	0	0	23701.00273	0	9115.770283	1823.154057	0	9115.770283	0	16408.38651
Atopostipes	0	0	0	0	0	0	0	0	0	0	0	0	0	0	0	0	0	0	0	0	0	0	0	0	0	0	0	0	0	0	0	0	12762.0784	7292.616226	0	5469.46217	0	0	0	0	16408.38651	12762.0784	40109.38924	0	12762.0784	0	25524.15679	10938.92434	7292.616226	20054.69462
Ignatzschineria	0	0	0	0	0	0	0	0	0	0	0	0	0	0	0	0	0	0	0	0	0	0	0	0	0	0	0	0	0	0	0	0	51048.31358	76572.47037	0	29170.4649	25524.15679	9115.770283	25524.15679	34639.92707	25524.15679	25524.15679	109389.2434	9115.770283	38286.23519	29170.4649	10938.92434	60164.08387	20054.69462	21877.84868
Prevotellaceae_UCG_004	0	0	0	0	0	0	0	0	0	0	0	0	0	5469.46217	0	0	0	0	0	0	0	0	0	0	0	0	0	0	0	0	0	0	14585.23245	23701.00273	0	27347.31085	18231.54057	0	0	14585.23245	21877.84868	0	9115.770283	3646.308113	7292.616226	3646.308113	9115.770283	9115.770283	0	36463.08113
Dorea	0	0	0	0	0	0	0	0	0	0	0	0	0	0	0	0	0	0	0	0	0	0	0	0	0	0	0	0	0	0	0	0	18231.54057	16408.38651	0	0	0	0	0	14585.23245	5469.46217	0	21877.84868	0	18231.54057	0	5469.46217	14585.23245	1823.154057	27347.31085
Herbaspirillum	0	0	0	0	0	0	0	1823.154057	3646.308113	1823.154057	12762.0784	10938.92434	1823.154057	0	0	0	0	1823.154057	9115.770283	0	0	0	0	1823.154057	0	0	0	0	0	0	0	0	0	0	0	0	0	0	0	0	0	0	0	0	0	0	0	0	0	0
Sphingobacterium	0	7292.616226	0	0	0	0	0	0	0	0	0	0	0	0	0	0	0	3646.308113	384685.5059	0	0	0	0	0	0	0	0	0	0	0	0	0	34639.92707	10938.92434	0	36463.08113	3646.308113	27347.31085	5469.46217	16408.38651	25524.15679	49225.15953	20054.69462	0	18231.54057	14585.23245	25524.15679	0	5469.46217	3646.308113
Ignavigranum	0	0	0	0	0	0	0	0	0	0	0	0	0	0	0	0	0	0	0	0	0	1823.154057	0	0	0	0	0	0	0	0	0	0	3646.308113	18231.54057	0	12762.0784	1823.154057	12762.0784	34639.92707	1823.154057	12762.0784	9115.770283	0	0	3646.308113	10938.92434	5469.46217	12762.0784	9115.770283	14585.23245
Proteiniphilum	0	0	0	0	0	0	0	0	0	0	3646.308113	0	0	0	0	0	0	0	0	0	0	0	0	0	0	0	0	0	0	0	0	0	20054.69462	0	0	14585.23245	21877.84868	16408.38651	0	21877.84868	36463.08113	30993.61896	40109.38924	0	45578.85141	16408.38651	27347.31085	9115.770283	0	0
Veillonella	0	18231.54057	0	0	0	3646.308113	0	1823.154057	0	1823.154057	0	18231.54057	0	0	0	9115.770283	0	0	51048.31358	0	5469.46217	0	0	0	0	0	0	0	0	0	67456.70009	7292.616226	7292.616226	0	0	3646.308113	0	0	0	0	0	0	0	0	0	0	0	3646.308113	0	12762.0784
Campylobacter	0	0	0	0	0	0	0	0	0	0	0	0	0	0	0	0	0	0	0	0	0	0	0	0	0	0	0	0	0	0	0	0	9115.770283	10938.92434	0	7292.616226	3646.308113	0	0	7292.616226	1823.154057	0	25524.15679	9115.770283	5469.46217	7292.616226	5469.46217	0	1823.154057	21877.84868
Novosphingobium	0	0	0	0	0	1823.154057	0	0	0	0	5469.46217	0	0	3646.308113	0	9115.770283	9115.770283	0	0	0	0	0	0	3646.308113	0	0	3646.308113	0	0	0	14585.23245	0	0	0	0	0	0	0	0	0	0	0	0	0	0	0	0	0	0	12762.0784
Christensenellaceae_R_7_group	0	0	0	0	0	0	0	0	0	0	0	0	0	0	0	0	0	0	0	0	0	0	0	0	0	0	0	0	0	0	0	0	36463.08113	71103.0082	0	29170.4649	20054.69462	3646.308113	0	30993.61896	27347.31085	34639.92707	25524.15679	10938.92434	20054.69462	10938.92434	25524.15679	34639.92707	0	18231.54057
Prevotella_7	0	7292.616226	0	0	0	0	0	0	0	0	0	0	0	0	0	0	10938.92434	0	0	0	0	0	0	0	0	0	0	0	0	0	0	0	9115.770283	3646.308113	0	41932.5433	0	7292.616226	18231.54057	0	40109.38924	0	0	0	21877.84868	3646.308113	1823.154057	23701.00273	1823.154057	25524.15679
Mailhella	0	0	0	0	0	0	0	0	0	0	0	0	0	0	0	0	0	0	0	0	0	0	0	0	0	0	0	0	0	0	0	0	9115.770283	43755.69736	0	14585.23245	0	0	14585.23245	9115.770283	0	7292.616226	0	5469.46217	9115.770283	0	1823.154057	12762.0784	9115.770283	41932.5433
Fermentimonas	0	0	0	0	0	0	0	0	0	0	0	0	0	0	0	0	0	0	0	0	0	0	0	0	0	0	0	0	0	0	0	0	0	43755.69736	0	5469.46217	0	0	20054.69462	5469.46217	23701.00273	45578.85141	32816.77302	0	0	10938.92434	1823.154057	12762.0784	0	27347.31085
Acholeplasma	0	0	0	0	0	0	0	0	0	0	0	10938.92434	0	0	9115.770283	0	0	0	0	0	0	0	0	0	0	0	0	0	0	0	32816.77302	0	41932.5433	23701.00273	0	52871.46764	12762.0784	18231.54057	18231.54057	16408.38651	0	41932.5433	3646.308113	0	21877.84868	10938.92434	30993.61896	12762.0784	3646.308113	20054.69462
Ruminococcaceae_UCG_013	0	0	0	0	0	0	0	0	0	0	0	0	0	0	0	0	0	0	0	0	0	0	0	0	0	0	0	0	0	0	0	0	12762.0784	0	0	1823.154057	3646.308113	10938.92434	14585.23245	12762.0784	18231.54057	5469.46217	0	0	10938.92434	9115.770283	0	21877.84868	0	3646.308113
Ruminococcaceae_UCG_010	0	1823.154057	0	7292.616226	0	0	0	0	0	0	0	0	0	0	0	0	0	0	0	0	0	0	0	0	0	0	0	0	0	1823.154057	21877.84868	1823.154057	65633.54603	171376.4813	0	140382.8624	41932.5433	32816.77302	27347.31085	47402.00547	30993.61896	80218.77849	69279.85415	12762.0784	120328.1677	20054.69462	32816.77302	78395.62443	20054.69462	134913.4002
Marinilabiliaceae	0	0	0	0	0	0	0	0	0	0	0	0	0	0	0	0	0	0	0	0	0	0	0	0	0	0	0	0	0	0	0	0	12762.0784	0	0	16408.38651	10938.92434	0	0	7292.616226	0	10938.92434	0	1823.154057	3646.308113	9115.770283	0	1823.154057	0	12762.0784
Lachnospiraceae_NK3A20_group	0	0	0	3646.308113	0	0	0	0	0	0	0	0	0	0	0	0	16408.38651	0	10938.92434	0	0	7292.616226	1823.154057	0	0	0	0	0	0	0	9115.770283	0	12762.0784	27347.31085	0	7292.616226	0	9115.770283	0	7292.616226	0	20054.69462	43755.69736	5469.46217	0	12762.0784	29170.4649	10938.92434	0	41932.5433
Family_XIII_AD3011_group	0	0	0	0	0	0	0	0	0	0	0	0	0	0	0	0	1823.154057	0	0	0	0	0	0	0	0	0	0	0	0	0	0	0	21877.84868	3646.308113	0	7292.616226	10938.92434	0	0	5469.46217	0	0	0	0	0	7292.616226	16408.38651	12762.0784	0	10938.92434
Serratia	0	7292.616226	0	0	0	0	0	0	0	0	0	0	0	0	0	7292.616226	5469.46217	0	0	0	0	0	3646.308113	1823.154057	0	0	0	0	0	0	0	0	0	27347.31085	0	12762.0784	0	0	12762.0784	10938.92434	0	18231.54057	18231.54057	0	5469.46217	20054.69462	7292.616226	5469.46217	5469.46217	0
Anaerocella	0	0	0	0	0	0	0	0	0	0	0	0	0	0	0	0	0	0	0	0	0	0	0	0	0	0	0	0	0	0	0	0	9115.770283	7292.616226	0	3646.308113	0	7292.616226	41932.5433	5469.46217	0	0	0	1823.154057	10938.92434	3646.308113	1823.154057	10938.92434	1823.154057	3646.308113
Aphagea_fa	0	0	0	1823.154057	1823.154057	0	0	0	0	0	10938.92434	3646.308113	0	0	10938.92434	0	0	0	18231.54057	1823.154057	0	0	1823.154057	1823.154057	0	1823.154057	9115.770283	9115.770283	0	3646.308113	16408.38651	5469.46217	0	0	0	0	0	0	0	0	0	0	0	0	0	0	0	0	0	0
Halomonas	0	0	0	0	0	0	0	0	0	0	0	7292.616226	0	0	0	0	0	1823.154057	0	0	0	0	0	0	0	0	0	0	0	0	0	0	0	14585.23245	0	0	1823.154057	9115.770283	0	3646.308113	0	0	0	0	7292.616226	0	5469.46217	27347.31085	0	0
Ruminococcaceae_NK4A214_group	0	0	0	0	0	0	0	0	0	0	0	0	0	0	0	0	0	0	0	0	0	0	0	0	0	0	0	0	0	0	0	0	9115.770283	18231.54057	0	9115.770283	0	5469.46217	0	0	1823.154057	41932.5433	23701.00273	0	14585.23245	3646.308113	10938.92434	3646.308113	0	20054.69462
Bacteroidales	0	0	0	0	0	0	0	0	0	0	0	0	0	0	0	0	0	0	0	0	0	0	0	0	0	0	0	0	0	0	0	0	45578.85141	21877.84868	0	10938.92434	3646.308113	7292.616226	40109.38924	16408.38651	21877.84868	5469.46217	25524.15679	9115.770283	27347.31085	5469.46217	20054.69462	21877.84868	0	67456.70009
Weeksellaceae	0	0	0	0	0	0	0	0	0	0	0	0	0	0	0	0	0	0	0	0	0	0	0	0	0	0	0	0	0	0	0	0	5469.46217	14585.23245	0	20054.69462	0	3646.308113	14585.23245	0	0	0	7292.616226	0	14585.23245	1823.154057	10938.92434	3646.308113	0	10938.92434
Luteimonas	0	0	0	0	0	0	0	0	0	0	0	0	0	0	0	0	0	0	0	0	0	0	0	0	0	0	0	0	0	0	0	0	0	0	0	12762.0784	3646.308113	0	20054.69462	0	10938.92434	14585.23245	20054.69462	0	14585.23245	0	9115.770283	21877.84868	0	32816.77302
Izimaplasmatales	0	0	0	0	0	0	0	0	0	0	0	0	0	0	0	0	0	0	0	0	0	3646.308113	0	0	0	0	0	0	0	0	0	0	16408.38651	7292.616226	0	7292.616226	0	0	5469.46217	14585.23245	1823.154057	0	9115.770283	0	1823.154057	12762.0784	0	1823.154057	0	0
Erysipelotrichaceae_UCG_004	0	0	0	0	0	0	0	0	0	0	0	0	0	0	0	0	0	0	0	0	0	1823.154057	0	0	0	0	0	0	0	0	0	0	34639.92707	7292.616226	0	5469.46217	7292.616226	12762.0784	0	14585.23245	9115.770283	9115.770283	47402.00547	0	23701.00273	3646.308113	7292.616226	7292.616226	0	9115.770283
dgA_11_gut_group	0	0	0	0	0	0	0	0	0	0	0	0	0	0	0	0	0	0	0	0	0	0	0	0	0	0	0	0	0	1823.154057	0	0	0	9115.770283	0	7292.616226	1823.154057	1823.154057	0	10938.92434	0	3646.308113	10938.92434	1823.154057	9115.770283	1823.154057	9115.770283	0	0	9115.770283
Clostridiales	0	0	0	0	0	0	0	0	0	0	0	0	0	0	3646.308113	0	0	0	0	0	0	0	0	0	0	0	1823.154057	0	0	0	0	0	5469.46217	3646.308113	0	1823.154057	0	3646.308113	0	0	0	9115.770283	14585.23245	0	5469.46217	3646.308113	7292.616226	3646.308113	0	0
