#NAME	108A	109A	110A	111A	112A	113A	114A	115A	116A	117A	118A	119A	120A	121A	122A	123A	124A	125A	126A	127A	128A	129A	130A	131A	132A	133A	134A	135A	136A	137A	138A
Lactobacillus	4167543.931	3216049.883	4811320.755	4705239.291	3897481.577	5108105.92	3991416.309	5240505.304	475342.133	2482792.129	2831808.244	3828650.093	3088914.082	4002753.259	4257429.751	4262288.444	4137581.99	3773989.797	5227143.898	972548.3845	543363.8351	2099765.163	1859259.859	2568224.148	5229573.245	2013928.253	3956595.676	4142845.575	5108915.702	2920884.282	3849299.538
Escherichia_Shigella	5263.584096	12551.62361	7692.930602	0	0	5263.584096	20244.55421	30366.83132	7288.039517	0	8097.821686	17815.20771	0	13361.40578	10932.05928	8907.603855	8502.71277	4048.910843	5668.47518	11336.95036	10122.27711	3644.019759	29961.94024	2429.346506	32796.17783	5668.47518	2024.455421	0	4858.693012	3239.128674	7288.039517
Candidatus_Arthromitus	229573.2448	248603.1258	192323.265	174912.9484	142926.5528	154668.3942	188679.2453	598429.0226	115798.8501	251842.2544	609361.0819	254271.6009	0	0	0	527168.1918	14171.18795	404.8910843	0	0	0	0	0	0	0	0	0	187059.6809	215806.9479	212567.8193	203255.3243
Streptococcus	2429.346506	2834.23759	7692.930602	2834.23759	3644.019759	0	0	1619.564337	1619.564337	2834.23759	404.8910843	3239.128674	0	2024.455421	2834.23759	0	0	2024.455421	0	809.7821686	0	809.7821686	0	0	809.7821686	2024.455421	4048.910843	3239.128674	0	0	2834.23759
Pseudomonas	404.8910843	809.7821686	0	0	404.8910843	0	2024.455421	404.8910843	2024.455421	809.7821686	0	0	0	1214.673253	404.8910843	1214.673253	1214.673253	2024.455421	0	1214.673253	0	809.7821686	0	0	0	1619.564337	2429.346506	0	0	0	0
Lachnospiraceae_NK4A136_group	155478.1764	303263.4221	129160.2559	330391.1248	256700.9474	273706.373	344157.4217	392339.4607	1575836.1	1173779.253	344967.2038	417847.599	281399.3036	311361.2438	178556.9682	219450.9677	156692.8496	255891.1653	158717.305	1189974.897	1719572.435	1541015.467	1433719.33	304478.0954	412179.1238	1580694.793	1000890.76	310551.4617	578184.4684	1384727.508	425135.6385
Muribaculaceae	2754878.938	3233865.09	3080006.478	2865009.312	3395821.524	2490889.951	2790509.353	1671390.396	1802170.216	1694064.297	3340756.337	3211596.081	3912057.656	3569924.69	3622560.531	3113612.438	3796663.697	3900315.815	2856506.6	2001781.521	1470969.309	1553971.982	2197748.806	2450805.733	1778686.533	1755202.85	1506194.834	2278322.131	1696493.643	2044699.976	2097335.817
Lachnospiraceae	124301.5629	226334.1161	93934.73156	230383.027	232812.3735	201230.8689	464410.0737	404081.3021	992388.0476	757146.3276	426755.2029	404486.1932	376548.7084	306097.6597	280184.6303	340918.293	261964.5315	329176.4515	238480.8487	1233298.243	1615920.317	1204955.867	873350.0688	195967.2848	289497.1253	866871.8115	468863.8756	282613.9768	232407.4824	495181.7961	245768.8882
Bacteroides	664426.2693	626771.3985	482225.2814	569276.8645	1111021.135	770912.6245	77334.1971	20244.55421	31581.50458	24293.46506	62758.11807	105271.6819	85432.01879	90290.7118	145760.7903	96768.96915	90290.7118	98388.53348	70046.15758	22269.00964	9717.386023	5668.47518	29557.04915	17410.31662	18624.98988	29557.04915	0	119442.8699	58709.20722	76524.41493	198396.6313
Turicibacter	117823.3055	127540.6916	3239.128674	4453.801927	0	22269.00964	2834.23759	0	0	43323.34602	5668.47518	8907.603855	479391.0438	328366.6694	189893.9185	4858.693012	117013.5234	102437.4443	114179.2858	0	0	0	0	1911085.918	61543.44481	116203.7412	413798.6882	60328.77156	51421.16771	4453.801927	161551.5426
Parabacteroides	15385.8612	14171.18795	14171.18795	12551.62361	8502.71277	2834.23759	82597.7812	4453.801927	8907.603855	809.7821686	5263.584096	22269.00964	23888.57397	2834.23759	41703.78168	6073.366264	31581.50458	10122.27711	6073.366264	0	0	0	0	33605.96	0	44942.91036	0	404.8910843	0	0	6073.366264
Odoribacter	0	0	0	0	0	0	183820.5523	102842.3354	253866.7099	129970.0381	256296.0564	146975.4636	117823.3055	91505.38505	103652.1176	209733.5817	130374.9291	161956.4337	136853.1865	230383.027	217831.4034	207709.1262	173698.2752	104057.0087	91505.38505	198396.6313	114584.1769	140092.3152	83002.67228	112964.6125	159931.9783
Rikenellaceae_RC9_gut_group	0	0	0	0	0	0	0	0	0	0	0	0	0	0	0	0	0	0	0	0	0	0	0	310956.3527	189084.1364	361567.7383	118228.1966	206089.5619	122277.1075	159527.0872	314600.3725
Prevotellaceae_UCG_001	0	0	0	0	0	0	272896.5908	212162.9282	214592.2747	127945.5826	300024.2935	326342.2139	548222.5281	264798.7691	332820.4713	238885.7397	236861.2843	475342.133	209328.6906	159931.9783	121872.2164	117013.5234	221475.4231	247793.3436	124706.454	208923.7995	76929.30602	295165.6005	123491.7807	200016.1956	227143.8983
Lachnoclostridium	35225.52433	48586.93012	30771.72241	94339.62264	38059.76192	61138.55373	140092.3152	64377.6824	305287.8776	174103.1662	42108.67277	90695.60288	80573.32578	17005.42554	27127.70265	21054.33638	49396.71228	38464.65301	46967.36578	302453.64	267633.0067	197991.7402	244149.3238	29557.04915	66402.13782	161551.5426	73690.17734	45347.80144	78953.76144	103247.2265	45347.80144
Muribaculum	138472.7508	65997.24674	106081.4641	44942.91036	42108.67277	50206.49445	0	0	0	0	0	0	0	0	0	0	0	0	0	0	0	0	0	108915.7017	82192.89011	88671.14746	61543.44481	16600.53446	21054.33638	2834.23759	53445.62313
Alistipes	246173.7793	293546.0361	196372.1759	159931.9783	227143.8983	172483.6019	286257.9966	191108.5918	650659.9725	536480.6867	1063243.987	500040.4891	298404.7291	364806.867	264798.7691	456717.1431	209733.5817	391934.5696	359543.2829	512592.1127	447404.6481	483844.8457	511782.3306	246173.7793	308527.0062	321483.5209	215402.0568	345776.986	175722.7306	423516.0742	534456.2313
Anaerotruncus	0	0	1619.564337	0	6073.366264	8502.71277	13361.40578	13766.29687	80573.32578	108510.8106	7288.039517	6883.148433	3644.019759	12146.73253	5668.47518	1214.673253	1619.564337	2024.455421	4048.910843	66807.02891	89076.03855	23483.68289	47372.25686	2024.455421	13766.29687	55065.18746	18624.98988	3239.128674	15790.75229	50206.49445	1619.564337
Clostridium_sensu_stricto_1	160741.7605	231192.8091	31581.50458	0	0	0	4453.801927	0	0	3239.128674	0	0	12551.62361	26317.92048	9717.386023	0	21864.11855	5263.584096	8097.821686	0	0	8502.71277	0	579804.0327	89885.82071	27127.70265	658352.9031	533646.4491	569681.7556	38464.65301	589116.5277
Romboutsia	168839.5822	184630.3344	9717.386023	0	0	0	3644.019759	0	0	4048.910843	0	0	47372.25686	23078.79181	32391.28674	0	24293.46506	0	26722.81156	0	0	2834.23759	809.7821686	196372.1759	14171.18795	42513.56385	222690.0964	56684.7518	0	2429.346506	79358.65252
Peptococcaceae	82597.7812	109320.5928	29152.15807	63163.00915	108105.9195	4858.693012	89480.92963	25508.13831	42513.56385	27937.48482	8907.603855	13361.40578	123491.7807	23078.79181	26722.81156	49396.71228	70451.04867	21054.33638	48182.03903	47372.25686	29961.94024	29152.15807	33605.96	8097.821686	5668.47518	13766.29687	3644.019759	51016.27662	23888.57397	22673.90072	26722.81156
Bifidobacterium	323912.8674	152239.0477	191108.5918	153453.7209	3239.128674	215806.9479	46562.47469	0	0	0	0	3644.019759	9312.494939	34415.74217	18220.09879	0	66402.13782	19029.88096	27127.70265	0	0	1619.564337	7692.930602	136853.1865	83407.56337	1214.673253	52635.84096	54255.4053	65187.46457	1214.673253	57899.42505
Lachnospiraceae_UCG_001	42513.56385	82597.7812	36440.19759	76524.41493	102032.5532	92720.0583	142116.7706	193133.0472	857964.2076	586282.2901	53040.73204	76524.41493	40084.21735	49801.60337	29152.15807	34820.63325	25913.0294	28342.3759	113774.3947	733662.6447	899667.9893	606931.7354	543363.8351	11336.95036	0	56279.86072	74904.8506	61543.44481	15790.75229	66807.02891	40084.21735
Ruminococcaceae	65187.46457	119442.8699	87456.47421	48991.8212	5263.584096	67211.91999	34820.63325	24698.35614	80573.32578	64377.6824	62758.11807	66402.13782	0	17005.42554	18220.09879	9717.386023	15385.8612	38059.76192	12551.62361	129160.2559	104866.7908	63972.79132	76119.52385	62353.22698	26722.81156	145355.8993	63972.79132	85027.1277	74095.06843	85836.90987	94339.62264
Roseburia	37249.97976	75309.74168	34415.74217	39679.32626	31986.39566	23078.79181	31176.61349	61543.44481	338084.0554	292736.2539	13766.29687	32796.17783	28342.3759	28342.3759	26317.92048	25508.13831	30771.72241	25508.13831	27937.48482	450238.8857	580208.9238	319863.9566	371690.0154	25103.24723	69641.2665	195967.2848	171673.8197	53040.73204	21864.11855	131994.4935	67211.91999
Mucispirillum	25508.13831	33201.06891	4048.910843	0	3644.019759	6883.148433	11741.84144	125111.345	323507.9764	329581.3426	4453.801927	5668.47518	0	4048.910843	2429.346506	809.7821686	0	2834.23759	1619.564337	173698.2752	289902.0164	85836.90987	156692.8496	17410.31662	55470.07855	52230.94987	45347.80144	15790.75229	17815.20771	125921.1272	14576.07903
Ruminiclostridium_9	3239.128674	12551.62361	0	14980.97012	16195.64337	3239.128674	21864.11855	16195.64337	89480.92963	41703.78168	10932.05928	10122.27711	17815.20771	6883.148433	9312.494939	12956.5147	9717.386023	13361.40578	4858.693012	86241.80096	95149.40481	38869.54409	40084.21735	3239.128674	15790.75229	63972.79132	23888.57397	4453.801927	31581.50458	35630.41542	15385.8612
Anaeroplasma	109725.4838	112154.8304	49396.71228	73285.28626	82192.89011	38464.65301	14980.97012	64782.57349	93934.73156	31986.39566	65592.35566	31176.61349	3644.019759	2024.455421	0	27532.59373	4453.801927	6478.257349	3239.128674	158312.414	65997.24674	35225.52433	7288.039517	55470.07855	124706.454	159122.1961	102032.5532	47777.14795	34010.85108	114584.1769	40084.21735
Marvinbryantia	28342.3759	48586.93012	36845.08867	26317.92048	25913.0294	17815.20771	39679.32626	12146.73253	21054.33638	8907.603855	44538.01927	49801.60337	44942.91036	34010.85108	40489.10843	19434.77205	53040.73204	27127.70265	36845.08867	17815.20771	16195.64337	11741.84144	18220.09879	19839.66313	3644.019759	15790.75229	8502.71277	31176.61349	12551.62361	2834.23759	11741.84144
Angelakisella	0	0	0	0	0	0	5263.584096	0	43728.2371	7288.039517	2429.346506	6073.366264	2429.346506	3644.019759	0	809.7821686	0	0	0	27937.48482	30366.83132	24293.46506	26317.92048	0	6073.366264	12956.5147	5668.47518	0	0	24293.46506	7288.039517
Enterorhabdus	29961.94024	36440.19759	59923.88048	45752.69253	36035.3065	23483.68289	42108.67277	3644.019759	35630.41542	23888.57397	22673.90072	37654.87084	32796.17783	43323.34602	48182.03903	44538.01927	85836.90987	28342.3759	19839.66313	25103.24723	8502.71277	36845.08867	36440.19759	9312.494939	0	2429.346506	16600.53446	21864.11855	12146.73253	19029.88096	5263.584096
Clostridiales_vadinBB60_group	101222.7711	146165.6814	48991.8212	31986.39566	17815.20771	40489.10843	234027.0467	274921.0462	157097.7407	266013.4424	217831.4034	81383.10794	50611.38554	94339.62264	87861.36529	64782.57349	29557.04915	87861.36529	96768.96915	208518.9084	263179.2048	320673.7388	85027.1277	105676.573	435257.9156	518665.479	104866.7908	217021.6212	216211.839	101222.7711	83002.67228
Ruminiclostridium	28342.3759	24698.35614	7692.930602	31986.39566	40893.99951	35225.52433	63163.00915	40084.21735	257915.6207	157502.6318	17410.31662	25913.0294	28342.3759	20244.55421	1619.564337	4048.910843	7692.930602	9312.494939	18220.09879	199206.4135	313790.5903	217021.6212	274516.1552	19434.77205	17005.42554	124301.5629	71260.83084	11741.84144	32796.17783	116203.7412	29961.94024
Parasutterella	20649.4453	27127.70265	92720.0583	14171.18795	10527.16819	11336.95036	19839.66313	3239.128674	5263.584096	809.7821686	4048.910843	9312.494939	30366.83132	28342.3759	36035.3065	21054.33638	115393.959	22269.00964	24698.35614	4858.693012	1619.564337	1214.673253	0	22673.90072	46562.47469	5668.47518	30771.72241	49396.71228	55470.07855	8097.821686	45347.80144
Eggerthellaceae	14576.07903	16195.64337	32391.28674	21054.33638	7692.930602	4048.910843	8907.603855	0	4858.693012	2024.455421	0	4453.801927	12551.62361	12146.73253	10527.16819	12551.62361	15385.8612	2024.455421	4453.801927	25913.0294	14576.07903	12551.62361	10122.27711	4453.801927	10932.05928	10527.16819	11336.95036	2024.455421	9717.386023	0	0
Intestinimonas	0	4048.910843	3239.128674	6883.148433	5668.47518	5263.584096	8097.821686	6478.257349	54255.4053	29152.15807	6478.257349	8097.821686	3239.128674	0	1214.673253	0	5668.47518	3644.019759	809.7821686	36035.3065	27937.48482	36035.3065	29961.94024	13766.29687	15385.8612	34415.74217	14171.18795	3239.128674	0	26317.92048	3239.128674
Oscillibacter	10932.05928	13766.29687	3239.128674	23078.79181	11336.95036	11741.84144	61138.55373	29961.94024	299619.4024	102032.5532	25103.24723	34820.63325	19434.77205	15385.8612	14171.18795	6883.148433	5263.584096	13361.40578	6478.257349	147785.2458	162766.2159	167624.9089	140092.3152	11336.95036	22673.90072	98793.42457	21054.33638	37249.97976	38464.65301	123896.6718	40893.99951
Acetatifactor	9312.494939	7692.930602	0	30366.83132	36440.19759	19839.66313	50611.38554	39679.32626	123086.8896	58709.20722	7288.039517	16600.53446	21054.33638	5263.584096	5668.47518	4453.801927	10122.27711	0	9312.494939	166815.1267	20649.4453	48991.8212	54660.29638	7692.930602	6478.257349	138877.6419	11741.84144	3644.019759	4048.910843	23483.68289	0
Lachnospiraceae_FCS020_group	0	3239.128674	0	0	6478.257349	4453.801927	26722.81156	16600.53446	80978.21686	46967.36578	20244.55421	17815.20771	17005.42554	18624.98988	8502.71277	7692.930602	9312.494939	10527.16819	11336.95036	138877.6419	83002.67228	55065.18746	89076.03855	3644.019759	17815.20771	5668.47518	5668.47518	8907.603855	12551.62361	33605.96	10932.05928
Erysipelotrichaceae	2024.455421	8907.603855	0	809.7821686	0	809.7821686	27127.70265	0	0	0	8097.821686	10527.16819	14576.07903	13766.29687	10932.05928	13361.40578	2024.455421	6478.257349	1214.673253	5263.584096	1619.564337	7288.039517	0	6883.148433	404.8910843	7692.930602	2834.23759	3239.128674	0	13361.40578	12956.5147
Lachnospiraceae_UCG_006	2834.23759	1619.564337	0	3239.128674	0	1619.564337	8502.71277	4453.801927	29152.15807	18220.09879	3644.019759	0	5668.47518	809.7821686	6883.148433	1214.673253	19839.66313	4453.801927	0	52635.84096	38059.76192	25508.13831	34820.63325	4453.801927	5668.47518	16195.64337	8907.603855	11741.84144	11741.84144	25913.0294	10527.16819
ASF356	8502.71277	38464.65301	32796.17783	20244.55421	25508.13831	24293.46506	32796.17783	22673.90072	115798.8501	129970.0381	19029.88096	2429.346506	2024.455421	15385.8612	9717.386023	12146.73253	8907.603855	8907.603855	16195.64337	139687.4241	163980.8891	84217.34553	82597.7812	20244.55421	34010.85108	49801.60337	36845.08867	8907.603855	8907.603855	56279.86072	13766.29687
A2	8907.603855	9312.494939	3239.128674	23888.57397	13766.29687	2429.346506	20244.55421	19434.77205	82597.7812	32391.28674	11741.84144	12146.73253	7692.930602	20244.55421	4858.693012	6073.366264	4048.910843	0	2429.346506	33605.96	63972.79132	32796.17783	33605.96	6883.148433	10527.16819	65187.46457	18624.98988	18220.09879	53850.51421	244959.106	8907.603855
Tyzzerella	0	0	0	809.7821686	0	2024.455421	0	0	6073.366264	2024.455421	1214.673253	4453.801927	0	0	0	0	0	0	0	7692.930602	809.7821686	2834.23759	4048.910843	0	2024.455421	5263.584096	2024.455421	0	0	2429.346506	1619.564337
Butyricicoccus	2429.346506	2429.346506	0	1214.673253	1214.673253	3644.019759	6478.257349	4858.693012	58709.20722	44133.12819	809.7821686	3644.019759	3644.019759	4858.693012	2834.23759	2834.23759	1214.673253	5263.584096	2834.23759	42918.45494	64377.6824	46967.36578	28342.3759	4858.693012	6073.366264	15790.75229	12956.5147	5263.584096	0	27937.48482	5263.584096
Erysipelatoclostridium	2024.455421	4453.801927	0	0	0	0	9312.494939	3644.019759	10932.05928	14576.07903	30771.72241	23888.57397	49396.71228	40489.10843	37654.87084	79763.54361	38869.54409	24698.35614	16600.53446	5668.47518	8502.71277	4048.910843	9312.494939	0	2024.455421	0	3644.019759	0	0	1214.673253	2024.455421
DNF00809	3644.019759	7692.930602	0	6073.366264	2024.455421	0	16195.64337	5263.584096	2834.23759	15385.8612	2834.23759	8097.821686	4858.693012	9312.494939	10932.05928	10122.27711	23483.68289	6883.148433	0	0	0	1619.564337	4048.910843	2024.455421	0	0	6478.257349	2024.455421	0	10527.16819	1619.564337
Rhodospirillales	39679.32626	24698.35614	29557.04915	10527.16819	11741.84144	2429.346506	0	0	0	0	0	0	0	0	0	0	0	0	0	0	0	0	0	23888.57397	29152.15807	35225.52433	13766.29687	27937.48482	12146.73253	0	39274.43518
Tyzzerella_3	0	0	0	0	0	0	0	7692.930602	61543.44481	42513.56385	2429.346506	5668.47518	3239.128674	2834.23759	809.7821686	4858.693012	2024.455421	5668.47518	5668.47518	3644.019759	26317.92048	58304.31614	20649.4453	2024.455421	11336.95036	0	12551.62361	1214.673253	0	10527.16819	4858.693012
Ruminococcaceae_UCG_009	809.7821686	0	0	0	4858.693012	0	2834.23759	1619.564337	5263.584096	1214.673253	809.7821686	4453.801927	2429.346506	1214.673253	0	1619.564337	1214.673253	1619.564337	0	6883.148433	7288.039517	9717.386023	2834.23759	2834.23759	3239.128674	15385.8612	5668.47518	0	0	6073.366264	1214.673253
Family_XIII	4858.693012	2024.455421	3239.128674	10527.16819	0	5263.584096	4453.801927	1214.673253	8502.71277	3239.128674	3239.128674	8097.821686	7288.039517	5668.47518	8502.71277	1214.673253	5263.584096	9717.386023	809.7821686	4858.693012	4048.910843	5263.584096	8907.603855	7288.039517	4858.693012	15385.8612	6478.257349	7692.930602	9717.386023	5668.47518	7692.930602
Ruminiclostridium_5	1214.673253	6478.257349	4048.910843	12146.73253	13361.40578	3644.019759	25508.13831	11741.84144	78953.76144	38869.54409	0	15385.8612	6883.148433	2834.23759	5668.47518	5263.584096	14171.18795	0	0	89885.82071	16195.64337	57089.64289	57089.64289	12146.73253	32391.28674	111749.9393	17815.20771	4858.693012	2834.23759	36035.3065	14980.97012
Candidatus_Saccharimonas	1619.564337	7692.930602	0	2429.346506	2024.455421	1214.673253	4048.910843	2834.23759	2429.346506	2024.455421	2024.455421	9717.386023	12551.62361	4858.693012	2024.455421	2429.346506	6883.148433	2024.455421	0	13361.40578	0	16600.53446	15790.75229	23483.68289	49801.60337	55470.07855	40084.21735	23888.57397	25913.0294	135638.5132	40489.10843
Ruminococcaceae_UCG_003	0	0	0	0	0	0	0	7692.930602	39679.32626	19029.88096	0	0	2429.346506	0	0	0	4453.801927	0	0	29557.04915	23483.68289	31581.50458	33605.96	0	0	6478.257349	0	0	0	6073.366264	0
Mollicutes_RF39	1214.673253	6073.366264	809.7821686	0	0	0	13766.29687	8907.603855	20649.4453	6073.366264	0	0	22269.00964	0	0	0	9312.494939	0	5263.584096	14576.07903	5668.47518	6883.148433	0	9717.386023	0	10932.05928	6478.257349	8907.603855	10122.27711	26722.81156	14576.07903
Ruminiclostridium_6	0	809.7821686	0	4858.693012	2024.455421	404.8910843	0	5263.584096	10122.27711	19839.66313	8907.603855	0	4453.801927	0	1214.673253	2024.455421	1214.673253	5263.584096	809.7821686	31581.50458	20244.55421	21864.11855	6073.366264	11336.95036	12956.5147	14171.18795	14576.07903	6478.257349	6073.366264	21864.11855	5263.584096
GCA_900066575	0	0	0	5263.584096	1619.564337	2024.455421	5263.584096	1214.673253	5263.584096	3239.128674	2834.23759	6883.148433	0	0	2024.455421	0	0	1619.564337	0	13766.29687	3644.019759	4858.693012	8502.71277	2429.346506	4858.693012	6478.257349	3239.128674	0	3239.128674	3644.019759	0
Ruminococcaceae_UCG_014	0	0	0	0	0	0	1214.673253	4453.801927	15385.8612	3644.019759	4858.693012	5668.47518	5263.584096	4858.693012	0	809.7821686	3239.128674	404.8910843	10527.16819	4453.801927	3644.019759	2024.455421	1619.564337	6883.148433	2429.346506	2024.455421	19029.88096	56279.86072	24698.35614	42513.56385	11741.84144
Gastranaerophilales	0	17005.42554	11336.95036	2024.455421	2024.455421	2024.455421	0	0	0	0	0	0	0	0	0	0	0	0	0	0	0	0	0	5263.584096	14576.07903	7288.039517	10932.05928	15790.75229	11741.84144	9717.386023	2834.23759
Family_XIII_UCG_001	0	0	0	0	2024.455421	0	0	1214.673253	7288.039517	8097.821686	4048.910843	1214.673253	0	2429.346506	2429.346506	0	0	0	1214.673253	17005.42554	22673.90072	12956.5147	24293.46506	0	2429.346506	13766.29687	2429.346506	1214.673253	0	0	2834.23759
Candidatus_Soleaferrea	0	809.7821686	0	0	3644.019759	0	1214.673253	0	11336.95036	1619.564337	0	809.7821686	0	1619.564337	0	0	0	0	0	0	3644.019759	2024.455421	0	0	4048.910843	7692.930602	0	0	0	10932.05928	0
Ruminococcaceae_UCG_013	0	0	0	0	0	0	0	0	0	0	404.8910843	0	3644.019759	0	2429.346506	404.8910843	3644.019759	4048.910843	0	0	0	0	0	0	0	0	0	9717.386023	4048.910843	2834.23759	1619.564337
